# t (s)	mx ()	my ()	mz ()	E_total (J)	MaxAngle (rad)
0	1.0617232e-09	5.925897e-10	0.9795363	-2.0725773e-17	0.2662736
2.5239266223341696e-12	6.9135464e-10	7.901196e-10	0.98438376	-2.0729872e-17	0.29974386
5.003295741938001e-12	6.9135464e-10	3.950598e-10	0.98725736	-2.0726246e-17	0.3395888
7.527735061455886e-12	9.38267e-10	3.950598e-10	0.9888682	-2.0720213e-17	0.38865298
1.0000715956647397e-11	1.0205711e-09	3.950598e-10	0.9896827	-2.0714682e-17	0.4358653
1.252183521625368e-11	4.938247e-10	9.218062e-10	0.990121	-2.0710372e-17	0.47716412
1.504169994882362e-11	3.7859896e-10	5.925897e-10	0.99038583	-2.0707431e-17	0.5064837
1.7511734283773966e-11	6.9135464e-10	1.975299e-10	0.99056894	-2.0705575e-17	0.525359
2.0030792530329414e-11	5.925897e-10	2.6337318e-10	0.9907024	-2.0704405e-17	0.537627
2.2500188740389202e-11	4.2798143e-10	3.950598e-10	0.9907847	-2.070371e-17	0.54519796
2.5018894187114752e-11	1.8106906e-10	0	0.9908284	-2.0703282e-17	0.55011547
2.75375182175633e-11	6.58433e-10	1.975299e-10	0.99084705	-2.0703027e-17	0.5532754
3.000673233421313e-11	1.0534927e-09	3.292165e-10	0.99085534	-2.0702875e-17	0.5553103
3.252526094833168e-11	5.5966803e-10	6.58433e-10	0.9908623	-2.070278e-17	0.5567239
3.5043739743009404e-11	5.2674637e-10	4.609031e-10	0.9908703	-2.070272e-17	0.55771494
3.751276979692811e-11	1.218101e-09	1.1193361e-09	0.9908784	-2.0702681e-17	0.55840534
4.003112849307504e-11	1.0864144e-09	8.5596286e-10	0.990885	-2.0702657e-17	0.5589099
4.2500068801860927e-11	5.5966803e-10	5.2674637e-10	0.9908888	-2.0702637e-17	0.5592753
4.501835216524725e-11	4.609031e-10	4.609031e-10	0.99089056	-2.0702627e-17	0.55956286
4.7536613295734176e-11	6.255113e-10	5.1028554e-10	0.9908912	-2.0702618e-17	0.55979043
5.000548339478952e-11	3.6213813e-10	6.5843296e-11	0.9908919	-2.0702612e-17	0.55996674
5.252371523002138e-11	3.950598e-10	2.6337318e-10	0.99089295	-2.0702605e-17	0.5601072
5.504193736294758e-11	9.38267e-10	-2.6337318e-10	0.99089426	-2.0702602e-17	0.5602162
5.751078302974105e-11	1.4814742e-09	-3.950598e-10	0.9908953	-2.07026e-17	0.560301
6.002899001189391e-11	1.6460824e-09	2.6337318e-10	0.9908959	-2.0702599e-17	0.56037104
6.254718948512192e-11	7.901196e-10	1.0534927e-09	0.99089634	-2.0702595e-17	0.56042826
6.501600651474007e-11	1.975299e-10	9.218062e-10	0.9908966	-2.0702595e-17	0.5604738
6.753420105429736e-11	2.6337318e-10	5.2674637e-10	0.99089676	-2.0702594e-17	0.5605109
7.000302819751326e-11	5.925897e-10	2.6337318e-10	0.99089694	-2.0702594e-17	0.56053984
7.252122615326958e-11	4.609031e-10	6.090505e-10	0.9908971	-2.0702592e-17	0.56056345
7.503941438981639e-11	4.938247e-10	4.609031e-10	0.9908974	-2.0702592e-17	0.5605825
7.750821932602999e-11	5.7612887e-10	1.975299e-10	0.9908976	-2.0702592e-17	0.5605982
8.00264042466197e-11	3.6213813e-10	1.975299e-10	0.9908976	-2.0702592e-17	0.5606108
8.254459625773045e-11	6.255113e-10	9.876495e-11	0.9908977	-2.0702594e-17	0.5606213
8.501338735729632e-11	9.547279e-10	2.6337318e-10	0.9908978	-2.0702592e-17	0.5606291
8.753156731150712e-11	7.2427625e-10	6.58433e-10	0.99089783	-2.070259e-17	0.560636
9.000036972156433e-11	7.571979e-10	5.5966803e-10	0.9908979	-2.0702589e-17	0.5606412
9.251855127997804e-11	6.255113e-10	5.2674637e-10	0.9908979	-2.070259e-17	0.56064564
9.50367322903345e-11	5.432072e-10	3.4567732e-10	0.9908979	-2.0702592e-17	0.56064886
9.75055395579031e-11	5.7612887e-10	-1.3168659e-10	0.990898	-2.070259e-17	0.5606518
1.0002371170346356e-10	3.950598e-10	-1.3168659e-10	0.990898	-2.070259e-17	0.56065404
1.0254189409556428e-10	6.4197214e-10	4.9382474e-11	0.990898	-2.070259e-17	0.5606561
1.0501068840208644e-10	7.901196e-10	1.975299e-10	0.990898	-2.070259e-17	0.5606575
1.0752885167274363e-10	7.078154e-10	-3.2921648e-11	0.990898	-2.070259e-17	0.5606586
1.1004703103971685e-10	9.218062e-10	1.975299e-10	0.990898	-2.0702592e-17	0.5606595
1.1251582798101003e-10	4.938247e-10	5.2674637e-10	0.990898	-2.0702592e-17	0.56066024
1.1503400487567872e-10	4.2798143e-10	4.609031e-10	0.990898	-2.070259e-17	0.56066096
1.1750280528998193e-10	5.925897e-10	2.3045155e-10	0.990898	-2.0702592e-17	0.5606615
1.2002098064321597e-10	8.888845e-10	-8.230412e-11	0.9908981	-2.070259e-17	0.56066203
1.2253915507381492e-10	1.4156308e-09	1.975299e-10	0.990898	-2.0702592e-17	0.5606622
1.2500796068425952e-10	1.0205711e-09	7.2427625e-10	0.9908981	-2.070259e-17	0.56066245
1.2752612912486762e-10	5.432072e-10	5.2674637e-10	0.9908981	-2.070259e-17	0.5606627
1.300443129061757e-10	5.925897e-10	2.6337318e-10	0.9908981	-2.070259e-17	0.5606627
1.3251310671009566e-10	6.4197214e-10	2.1399071e-10	0.9908981	-2.070259e-17	0.56066304
1.3503128263204878e-10	7.571979e-10	2.6337318e-10	0.9908981	-2.070259e-17	0.56066304
1.375000842812751e-10	7.571979e-10	3.4567732e-10	0.9908981	-2.070259e-17	0.56066316
1.4001825551909242e-10	1.0864144e-09	7.2427625e-10	0.9908981	-2.070259e-17	0.56066334
1.4253642310223926e-10	7.7365875e-10	7.901196e-10	0.9908981	-2.070259e-17	0.56066334
1.4500522078522074e-10	3.950598e-10	2.6337318e-10	0.9908981	-2.070259e-17	0.5606636
1.4752339336906076e-10	3.4567732e-10	3.292165e-10	0.9908981	-2.070259e-17	0.5606633
1.5004157838903504e-10	6.255113e-10	1.975299e-10	0.9908981	-2.070259e-17	0.56066346
1.5251036952754384e-10	6.58433e-10	-2.6337318e-10	0.9908981	-2.070259e-17	0.5606636
1.5502854036879622e-10	1.1193361e-09	3.950598e-10	0.9908981	-2.070259e-17	0.56066346
1.5754670914068615e-10	1.0205711e-09	7.901196e-10	0.9908981	-2.070259e-17	0.5606636
1.6001551565573428e-10	5.925897e-10	6.58433e-10	0.9908981	-2.070259e-17	0.5606637
1.625336792395883e-10	1.975299e-10	5.2674637e-10	0.9908981	-2.070259e-17	0.5606636
1.6500247174874345e-10	6.255113e-10	6.5843296e-11	0.9908981	-2.070259e-17	0.5606636
1.6752065724140299e-10	7.901196e-10	6.5843296e-11	0.9908981	-2.070259e-17	0.56066346
1.7003883188401063e-10	8.5596286e-10	2.9629485e-10	0.9908981	-2.070259e-17	0.5606638
1.725076298712591e-10	6.9135464e-10	1.3168659e-10	0.9908981	-2.070259e-17	0.5606638
1.7502580563899735e-10	7.2427625e-10	1.975299e-10	0.9908981	-2.070259e-17	0.5606637
1.7754397359127465e-10	6.255113e-10	2.6337318e-10	0.9908981	-2.070259e-17	0.5606636
1.8001276000870388e-10	6.58433e-10	0	0.9908981	-2.070259e-17	0.5606637
1.8253094480274292e-10	7.901196e-10	4.938247e-10	0.990898	-2.070259e-17	0.5606638
1.8504910967778478e-10	7.571979e-10	2.6337318e-10	0.9908981	-2.070259e-17	0.5606636
1.8751791335531956e-10	9.0534535e-10	1.3168659e-10	0.9908981	-2.070259e-17	0.5606638
1.9003608486210259e-10	9.218062e-10	5.2674637e-10	0.9908981	-2.070259e-17	0.5606637
1.9250487574027437e-10	6.255113e-10	1.8106906e-10	0.9908981	-2.070259e-17	0.5606636
1.950230487499903e-10	5.2674637e-10	3.950598e-10	0.9908981	-2.070259e-17	0.56066346
1.9754121450108093e-10	7.2427625e-10	6.5843296e-11	0.9908981	-2.070259e-17	0.5606637
2.0001002520597213e-10	7.407371e-10	6.5843296e-11	0.9908981	-2.070259e-17	0.5606636
2.025281977692589e-10	9.218062e-10	6.5843296e-11	0.9908981	-2.070259e-17	0.56066346
2.0504636891900666e-10	1.0864144e-09	3.950598e-10	0.9908981	-2.070259e-17	0.5606638
2.0751516007596692e-10	1.1522577e-09	6.5843296e-11	0.9908981	-2.070259e-17	0.5606636
2.100333322642572e-10	8.888845e-10	2.6337318e-10	0.9908981	-2.070259e-17	0.5606637
2.12502120795638e-10	8.5596286e-10	6.58433e-10	0.9908981	-2.070259e-17	0.56066346
2.1502029591357954e-10	8.230412e-10	6.58433e-10	0.9908981	-2.070259e-17	0.5606636
2.1753848174256764e-10	6.58433e-10	7.2427625e-10	0.9908981	-2.070259e-17	0.5606636
2.2000727267207484e-10	5.925897e-10	3.950598e-10	0.9908981	-2.070259e-17	0.5606636
2.2252543975934957e-10	1.1193361e-09	3.950598e-10	0.9908981	-2.070259e-17	0.5606638
2.2504360880378176e-10	8.5596286e-10	3.292165e-10	0.9908981	-2.070259e-17	0.5606637
2.2751241111367346e-10	8.065804e-10	2.9629485e-10	0.9908981	-2.070259e-17	0.5606636
2.3003057713786717e-10	9.218062e-10	4.609031e-10	0.9908981	-2.070259e-17	0.5606637
2.3254875636738683e-10	4.938247e-10	3.950598e-10	0.9908981	-2.070259e-17	0.5606637
2.3501754598671667e-10	3.292165e-10	4.2798143e-10	0.9908981	-2.070259e-17	0.56066346
2.3753572052172194e-10	5.432072e-10	1.3168659e-10	0.9908981	-2.070259e-17	0.5606636
2.400045064806319e-10	5.925897e-10	1.975299e-10	0.9908981	-2.070259e-17	0.5606637
2.4252269050267197e-10	7.571979e-10	1.3168659e-10	0.9908981	-2.070259e-17	0.56066346
2.4504086280548357e-10	8.5596286e-10	4.609031e-10	0.9908981	-2.070259e-17	0.5606637
2.475096487244139e-10	7.2427625e-10	5.2674637e-10	0.9908981	-2.070259e-17	0.5606636
2.5002782508574776e-10	4.2798143e-10	2.6337318e-10	0.9908981	-2.070259e-17	0.5606636
2.525459929448673e-10	6.9135464e-10	3.950598e-10	0.9908981	-2.070259e-17	0.5606638
2.550147844298132e-10	2.9629485e-10	3.950598e-10	0.9908981	-2.070259e-17	0.5606638
2.575329627385322e-10	9.547279e-10	-3.292165e-10	0.990898	-2.070259e-17	0.5606636
2.600017524223084e-10	1.1851794e-09	-1.3168659e-10	0.9908981	-2.070259e-17	0.5606636
2.6251992522514793e-10	1.4814742e-09	3.950598e-10	0.9908981	-2.070259e-17	0.5606638
2.6503809326688724e-10	9.711887e-10	8.5596286e-10	0.9908981	-2.070259e-17	0.56066346
2.6750688579629815e-10	6.9135464e-10	4.2798143e-10	0.9908981	-2.070259e-17	0.5606636
2.7002504930803775e-10	6.090505e-10	2.6337318e-10	0.9908981	-2.070259e-17	0.5606636
2.725432173368642e-10	8.065804e-10	3.292165e-10	0.9908981	-2.070259e-17	0.5606637
2.750120034150222e-10	1.2345618e-09	3.292165e-10	0.9908981	-2.070259e-17	0.5606637
2.775301747115908e-10	7.571979e-10	4.609031e-10	0.9908981	-2.070259e-17	0.5606637
2.800483474170824e-10	6.090505e-10	4.609031e-10	0.9908981	-2.070259e-17	0.56066346
2.825171348582164e-10	5.925897e-10	3.950598e-10	0.990898	-2.070259e-17	0.5606636
2.8503529567687094e-10	7.901196e-10	-1.1522577e-10	0.9908981	-2.070259e-17	0.5606636
2.8750408640224256e-10	1.1028752e-09	2.6337318e-10	0.9908981	-2.070259e-17	0.5606636
2.900222520302056e-10	1.0534927e-09	3.292165e-10	0.9908981	-2.070259e-17	0.5606638
2.9254042112478584e-10	7.901196e-10	3.292165e-10	0.9908981	-2.070259e-17	0.5606636
2.950092123938042e-10	4.609031e-10	4.609031e-10	0.9908981	-2.070259e-17	0.5606638
2.975273793959186e-10	8.5596286e-10	1.975299e-10	0.9908981	-2.070259e-17	0.5606636
3.000455451329548e-10	4.938247e-10	6.090505e-10	0.990898	-2.070259e-17	0.5606636
3.0251432976082334e-10	5.925897e-10	4.609031e-10	0.9908981	-2.070259e-17	0.5606637
3.050324937761174e-10	7.7365875e-10	3.950598e-10	0.990898	-2.070259e-17	0.5606637
3.0750128596743545e-10	8.5596286e-10	-1.3168659e-10	0.9908981	-2.070259e-17	0.5606637
3.1001944803256886e-10	8.230412e-10	6.5843296e-11	0.9908981	-2.070259e-17	0.56066346
3.125376106831807e-10	6.748938e-10	-6.5843296e-11	0.9908981	-2.070259e-17	0.5606637
3.1500639920988403e-10	7.901196e-10	3.1275565e-10	0.9908981	-2.070259e-17	0.56066346
3.1752457120761245e-10	4.609031e-10	5.925897e-10	0.9908981	-2.070259e-17	0.5606637
3.200427197506784e-10	4.938247e-10	3.6213813e-10	0.9908981	-2.070259e-17	0.56066346
3.2251150783865436e-10	5.7612887e-10	1.3168659e-10	0.9908981	-2.070259e-17	0.5606637
3.250296646409362e-10	1.1193361e-09	-6.5843296e-11	0.9908981	-2.070259e-17	0.5606636
3.275478230823632e-10	1.3497876e-09	5.2674637e-10	0.9908981	-2.070259e-17	0.5606637
3.3001662198063243e-10	8.888845e-10	1.316866e-09	0.9908981	-2.070259e-17	0.5606636
3.3253477014246737e-10	8.230412e-10	1.0534927e-09	0.9908981	-2.070259e-17	0.5606636
3.350035554929654e-10	-1.975299e-10	4.609031e-10	0.9908981	-2.070259e-17	0.5606638
3.375217335063189e-10	0	9.876495e-11	0.9908981	-2.070259e-17	0.5606637
3.4003988493929425e-10	5.2674637e-10	-5.2674637e-10	0.990898	-2.070259e-17	0.5606638
3.4250865217364254e-10	1.0041102e-09	-1.3168659e-10	0.9908981	-2.070259e-17	0.5606636
3.4502682481443544e-10	1.1522577e-09	4.609031e-10	0.9908981	-2.070259e-17	0.5606638
3.475449822770612e-10	4.938247e-10	2.6337318e-10	0.9908981	-2.070259e-17	0.5606638
3.500137651218396e-10	4.938247e-10	3.950598e-10	0.9908981	-2.070259e-17	0.5606637
3.5253191629542163e-10	6.9135464e-10	-4.9382474e-11	0.9908981	-2.070259e-17	0.5606636
3.550007072003065e-10	7.571979e-10	-6.5843296e-11	0.9908981	-2.070259e-17	0.5606636
3.575188497092892e-10	9.218062e-10	3.292165e-10	0.9908981	-2.070259e-17	0.5606636
3.6003700429181514e-10	9.218062e-10	1.975299e-10	0.9908981	-2.070259e-17	0.56066346
3.625057975511633e-10	1.1522577e-09	6.9135464e-10	0.9908981	-2.070259e-17	0.5606638
3.6502395163174876e-10	4.938247e-10	7.2427625e-10	0.9908981	-2.070259e-17	0.5606637
3.6754210989187906e-10	2.4691235e-10	3.950598e-10	0.9908981	-2.070259e-17	0.5606637
3.700108902009091e-10	1.6460824e-10	0	0.9908981	-2.070259e-17	0.5606636
3.725290450668913e-10	3.292165e-10	-5.2674637e-10	0.9908981	-2.070259e-17	0.5606636
3.750471997516917e-10	1.1851794e-09	-4.609031e-10	0.9908981	-2.070259e-17	0.5606636
3.7751598069701096e-10	9.218062e-10	-1.3168659e-10	0.9908981	-2.070259e-17	0.5606637
3.800341374892529e-10	9.547279e-10	9.876495e-11	0.9908981	-2.070259e-17	0.5606637
3.8250292922315084e-10	1.0534927e-09	1.975299e-10	0.9908981	-2.070259e-17	0.56066346
3.850210762639925e-10	6.58433e-10	4.609031e-10	0.9908981	-2.070259e-17	0.5606637
3.875392333495634e-10	5.2674637e-10	6.58433e-10	0.9908981	-2.070259e-17	0.5606637
3.900080149556358e-10	4.9382474e-11	1.3168659e-10	0.9908981	-2.070259e-17	0.5606636
3.9252615963970623e-10	3.950598e-10	-2.6337318e-10	0.9908981	-2.070259e-17	0.5606637
3.950443168943267e-10	8.230412e-10	0	0.9908981	-2.070259e-17	0.56066346
3.9751309537215646e-10	6.58433e-10	3.950598e-10	0.9908981	-2.070259e-17	0.5606637
4.0003124567215035e-10	5.925897e-10	-6.5843296e-11	0.9908981	-2.070259e-17	0.5606638
4.0250002523635793e-10	8.888845e-10	-1.3168659e-10	0.9908981	-2.070259e-17	0.5606638
4.0501818143438895e-10	9.218062e-10	6.5843296e-11	0.9908981	-2.070259e-17	0.5606638
4.075363403252466e-10	8.230412e-10	2.6337318e-10	0.990898	-2.070259e-17	0.56066334
4.100051213055317e-10	6.58433e-10	4.609031e-10	0.9908981	-2.070259e-17	0.5606637
4.1252326754619e-10	3.950598e-10	3.950598e-10	0.9908981	-2.070259e-17	0.56066346
4.1504141806979815e-10	3.950598e-10	2.6337318e-10	0.9908981	-2.070259e-17	0.5606637
4.1751019697742884e-10	4.609031e-10	-6.5843296e-11	0.9908981	-2.070259e-17	0.5606636
4.2002835038250516e-10	6.255113e-10	1.3168659e-10	0.9908981	-2.070259e-17	0.56066346
4.2254648673739724e-10	9.547279e-10	1.975299e-10	0.9908981	-2.070259e-17	0.5606637
4.2501527751097793e-10	7.571979e-10	-6.5843296e-11	0.9908981	-2.070259e-17	0.5606636
4.275334316046888e-10	1.0534927e-09	-6.5843296e-11	0.9908981	-2.070259e-17	0.56066346
4.300022042202008e-10	1.1357969e-09	3.950598e-10	0.9908981	-2.070259e-17	0.5606637
4.32520359064319e-10	7.2427625e-10	1.975299e-10	0.9908981	-2.070259e-17	0.5606636
4.350385054380702e-10	7.407371e-10	-1.3168659e-10	0.9908981	-2.070259e-17	0.5606636
4.3750728241028106e-10	8.39502e-10	-1.4814742e-10	0.990898	-2.070259e-17	0.5606637
4.400254337248588e-10	1.0534927e-09	3.2921648e-11	0.9908981	-2.070259e-17	0.5606637
4.425435838448436e-10	1.1357969e-09	0	0.990898	-2.070259e-17	0.5606637
4.4501236634020287e-10	8.065804e-10	-1.3168659e-10	0.9908981	-2.070259e-17	0.5606636
4.4753051940168573e-10	6.58433e-10	-3.950598e-10	0.9908981	-2.070259e-17	0.5606636
4.500486610833179e-10	1.3004051e-09	-1.8106906e-10	0.9908981	-2.070259e-17	0.5606637
4.525174251230861e-10	1.1522577e-09	2.6337318e-10	0.9908981	-2.070259e-17	0.56066346
4.550355867267522e-10	7.901196e-10	6.58433e-10	0.9908981	-2.070259e-17	0.5606637
4.57504360080502e-10	4.2798143e-10	6.58433e-10	0.9908981	-2.070259e-17	0.5606637
4.6002251391588284e-10	5.5966803e-10	4.609031e-10	0.9908981	-2.070259e-17	0.5606636
4.625406648783764e-10	1.975299e-10	1.3168659e-10	0.9908981	-2.070259e-17	0.5606638
4.650094264152889e-10	1.975299e-10	0	0.9908981	-2.070259e-17	0.5606636
4.675275758922892e-10	2.4691235e-10	-1.3168659e-10	0.9908981	-2.070259e-17	0.5606637
4.700457323440924e-10	9.711887e-10	1.975299e-10	0.9908981	-2.070259e-17	0.5606637
4.725145026192705e-10	9.218062e-10	3.950598e-10	0.9908981	-2.070259e-17	0.5606636
4.750326468631179e-10	5.1028554e-10	6.5843296e-11	0.9908981	-2.070259e-17	0.5606637
4.775014192256414e-10	8.888845e-10	0	0.9908981	-2.070259e-17	0.5606636
4.800195611719651e-10	5.925897e-10	2.6337318e-10	0.9908981	-2.070259e-17	0.5606636
4.82537716178687e-10	7.901196e-10	4.609031e-10	0.9908981	-2.070259e-17	0.5606638
4.850064907970688e-10	7.078154e-10	1.3168659e-10	0.9908981	-2.070259e-17	0.5606637
4.875246349919689e-10	5.5966803e-10	6.58433e-10	0.9908981	-2.070259e-17	0.5606637
4.900427847266391e-10	4.2798143e-10	1.4814742e-10	0.9908981	-2.070259e-17	0.5606636
4.92511549231051e-10	4.4444226e-10	-3.2921648e-11	0.9908981	-2.070259e-17	0.5606637
4.950296939810722e-10	5.925897e-10	-3.292165e-10	0.9908981	-2.070259e-17	0.5606638
4.975478418736834e-10	1.0864144e-09	2.7983402e-10	0.9908981	-2.070259e-17	0.5606636
5.000166273547567e-10	7.901196e-10	6.255113e-10	0.9908981	-2.070259e-17	0.5606637
5.025347659160835e-10	6.58433e-10	2.6337318e-10	0.9908981	-2.070259e-17	0.5606637
5.050035434345868e-10	4.2798143e-10	3.292165e-10	0.9908981	-2.070259e-17	0.5606637
5.075216820885025e-10	3.4567732e-10	3.292165e-10	0.9908981	-2.070259e-17	0.5606637
5.10039828030778e-10	7.901196e-10	1.3168659e-10	0.990898	-2.070259e-17	0.5606637
5.12508604739523e-10	1.0534927e-09	6.5843296e-11	0.9908981	-2.070259e-17	0.5606638
5.150267420397794e-10	9.547279e-10	1.975299e-10	0.9908981	-2.070259e-17	0.5606636
5.175448948768438e-10	2.9629485e-10	3.950598e-10	0.9908981	-2.070259e-17	0.5606638
5.20013661526736e-10	7.2427625e-10	-3.950598e-10	0.9908981	-2.070259e-17	0.5606636
5.225318069534557e-10	9.547279e-10	-3.2921648e-11	0.9908981	-2.070259e-17	0.5606636
5.250005720093231e-10	8.5596286e-10	3.950598e-10	0.9908981	-2.070259e-17	0.5606636
5.275187249381551e-10	7.7365875e-10	3.292165e-10	0.990898	-2.070259e-17	0.5606638
5.300368710846708e-10	9.218062e-10	3.950598e-10	0.9908981	-2.070259e-17	0.5606638
5.325056448387665e-10	7.2427625e-10	2.6337318e-10	0.9908981	-2.070259e-17	0.5606636
5.350237845238605e-10	7.571979e-10	6.5843296e-11	0.9908981	-2.070259e-17	0.5606636
5.375419301966088e-10	9.876494e-10	1.975299e-10	0.9908981	-2.070259e-17	0.5606636
5.400106892814729e-10	1.316866e-09	6.58433e-10	0.9908981	-2.070259e-17	0.5606637
5.425288334239143e-10	1.0205711e-09	3.950598e-10	0.9908981	-2.070259e-17	0.5606637
5.450469816480444e-10	2.4691235e-10	5.2674637e-10	0.990898	-2.070259e-17	0.5606637
5.475157452759721e-10	4.609031e-10	-1.3168659e-10	0.990898	-2.070259e-17	0.5606638
5.500338809253393e-10	4.609031e-10	2.6337318e-10	0.990898	-2.070259e-17	0.5606637
5.525026378768006e-10	5.1028554e-10	-6.5843296e-11	0.9908981	-2.070259e-17	0.5606637
5.550207870126673e-10	8.230412e-10	6.5843296e-11	0.990898	-2.070259e-17	0.5606638
5.575389426639222e-10	7.901196e-10	1.8106906e-10	0.9908981	-2.070259e-17	0.5606637
5.600077080275448e-10	4.609031e-10	3.1275565e-10	0.9908981	-2.070259e-17	0.5606636
5.6252585274464e-10	4.2798143e-10	1.975299e-10	0.9908981	-2.070259e-17	0.5606638
5.650439935028506e-10	7.571979e-10	4.9382474e-11	0.9908981	-2.070259e-17	0.5606636
5.675127638364015e-10	8.888845e-10	2.7983402e-10	0.9908981	-2.070259e-17	0.5606639
5.700308969401609e-10	3.292165e-10	6.5843296e-11	0.9908981	-2.070259e-17	0.5606638
5.725490432028949e-10	5.925897e-10	3.292165e-10	0.990898	-2.070259e-17	0.5606637
5.75017818316838e-10	5.2674637e-10	2.6337318e-10	0.9908981	-2.070259e-17	0.5606638
5.775359513366523e-10	8.39502e-10	0	0.990898	-2.070259e-17	0.5606638
5.800047259604226e-10	9.711887e-10	2.6337318e-10	0.9908981	-2.070259e-17	0.5606637
5.825228713630595e-10	1.1851794e-09	7.901196e-10	0.9908981	-2.070259e-17	0.5606637
5.85040992140439e-10	3.950598e-10	7.571979e-10	0.9908981	-2.070259e-17	0.5606639
5.875097659973956e-10	9.876495e-11	6.58433e-10	0.990898	-2.070259e-17	0.5606639
5.900279154920763e-10	3.292165e-10	-4.9382474e-11	0.990898	-2.070259e-17	0.5606638
5.925460616851091e-10	5.2674637e-10	-3.950598e-10	0.990898	-2.070259e-17	0.5606638
5.950148133599313e-10	1.1193361e-09	0	0.990898	-2.070259e-17	0.5606638
5.975329594445581e-10	9.876494e-10	4.609031e-10	0.9908981	-2.070259e-17	0.5606638
6.000017163802174e-10	5.1028554e-10	4.609031e-10	0.9908981	-2.070259e-17	0.5606637
6.025198615682158e-10	3.4567732e-10	5.2674637e-10	0.9908981	-2.070259e-17	0.5606639
6.050380100963634e-10	-3.2921648e-11	3.292165e-10	0.9908981	-2.070259e-17	0.5606638
6.075067664568997e-10	-6.5843296e-11	-3.292165e-10	0.9908981	-2.070259e-17	0.5606638
6.100249059156326e-10	1.1522577e-09	-4.609031e-10	0.9908981	-2.070259e-17	0.5606639
6.125430411953505e-10	1.1193361e-09	-1.975299e-10	0.9908981	-2.070259e-17	0.5606639
6.150118075666441e-10	1.0534927e-09	3.7859896e-10	0.990898	-2.070259e-17	0.5606636
6.175299393809204e-10	1.0205711e-09	4.4444226e-10	0.990898	-2.070259e-17	0.5606638
6.200480890248965e-10	8.39502e-10	6.748938e-10	0.990898	-2.070259e-17	0.5606638
6.225168557615777e-10	4.2798143e-10	5.2674637e-10	0.9908981	-2.070259e-17	0.5606637
6.250349890766217e-10	2.9629485e-10	2.6337318e-10	0.990898	-2.070259e-17	0.5606637
6.275037466468804e-10	2.6337318e-10	-6.5843296e-11	0.990898	-2.070259e-17	0.5606638
6.300218921547889e-10	2.9629485e-10	-3.292165e-10	0.990898	-2.070259e-17	0.5606638
6.32540029389589e-10	9.218062e-10	-7.2427625e-10	0.9908981	-2.070259e-17	0.5606638
6.350088020911412e-10	1.3827093e-09	6.5843296e-11	0.990898	-2.070259e-17	0.5606637
6.375269351051856e-10	1.316866e-09	5.925897e-10	0.990898	-2.070259e-17	0.5606638
6.400450739137807e-10	6.58433e-10	9.218062e-10	0.9908981	-2.070259e-17	0.5606636
6.425138360099134e-10	5.925897e-10	5.925897e-10	0.990898	-2.070259e-17	0.5606639
6.450319728933462e-10	8.230412e-10	6.5843296e-11	0.9908981	-2.070259e-17	0.5606637
6.475007360685265e-10	6.255113e-10	1.3168659e-10	0.990898	-2.070259e-17	0.5606638
6.500188728321019e-10	1.0864144e-09	-1.3168659e-10	0.990898	-2.070259e-17	0.5606639
6.525369994481284e-10	6.9135464e-10	2.6337318e-10	0.990898	-2.070259e-17	0.5606639
6.55005763179951e-10	5.2674637e-10	7.2427625e-10	0.990898	-2.070259e-17	0.5606637
6.57523904593797e-10	1.6460824e-11	3.7859896e-10	0.990898	-2.070259e-17	0.5606637
6.600420410524674e-10	4.2798143e-10	-3.292165e-10	0.990898	-2.070259e-17	0.5606636
6.625108036292456e-10	8.888845e-10	-1.3168659e-10	0.990898	-2.070259e-17	0.5606639
6.650289372949565e-10	8.39502e-10	3.950598e-10	0.990898	-2.070259e-17	0.5606637
6.675470746584121e-10	1.0699536e-09	4.609031e-10	0.9908981	-2.070259e-17	0.5606636
6.700158300223542e-10	5.925897e-10	6.58433e-10	0.9908981	-2.070259e-17	0.5606638
6.725339593752719e-10	6.58433e-10	3.292165e-10	0.9908981	-2.070259e-17	0.5606637
6.75002724693844e-10	4.115206e-10	0	0.990898	-2.070259e-17	0.5606638
6.775208656664504e-10	7.2427625e-10	2.6337318e-10	0.990898	-2.070259e-17	0.5606639
6.800389922544358e-10	5.5966803e-10	2.1399071e-10	0.9908981	-2.070259e-17	0.5606638
6.825077594032859e-10	4.609031e-10	3.1275565e-10	0.990898	-2.070259e-17	0.5606637
6.850258846123407e-10	2.9629485e-10	-6.5843296e-11	0.9908981	-2.070259e-17	0.5606639
6.875440092431103e-10	6.4197214e-10	-1.3168659e-10	0.990898	-2.070259e-17	0.5606639
6.900127754404978e-10	5.925897e-10	1.3168659e-10	0.990898	-2.070259e-17	0.560664
6.925309111038912e-10	4.609031e-10	5.925897e-10	0.990898	-2.070259e-17	0.5606638
6.950490413710724e-10	6.255113e-10	3.950598e-10	0.9908981	-2.070259e-17	0.5606639
6.975177976811444e-10	3.950598e-10	6.5843296e-11	0.990898	-2.070259e-17	0.5606639
7.000359429189674e-10	7.2427625e-10	-1.3168659e-10	0.990898	-2.070259e-17	0.5606638
7.025046924823454e-10	9.547279e-10	1.975299e-10	0.990898	-2.070259e-17	0.5606639
7.05022834456319e-10	9.547279e-10	3.950598e-10	0.990898	-2.070259e-17	0.5606639
7.075409664088117e-10	1.1193361e-09	7.2427625e-10	0.990898	-2.070259e-17	0.560664
7.100097196947414e-10	4.2798143e-10	7.901196e-10	0.990898	-2.070259e-17	0.5606639
7.125278530215022e-10	3.950598e-10	3.292165e-10	0.990898	-2.070259e-17	0.5606638
7.150459851460244e-10	4.938247e-10	1.3168659e-10	0.990898	-2.070259e-17	0.5606638
7.175147522430237e-10	5.925897e-10	1.6460824e-10	0.990898	-2.070259e-17	0.5606638
7.200328740377859e-10	6.9135464e-10	0	0.990898	-2.070259e-17	0.560664
7.22501628057328e-10	5.5966803e-10	-6.5843296e-11	0.990898	-2.070259e-17	0.5606639
7.250197658863282e-10	7.571979e-10	-6.5843296e-11	0.9908981	-2.070259e-17	0.5606638
7.275378906978048e-10	7.901196e-10	-2.9629485e-10	0.990898	-2.070259e-17	0.5606639
7.300066397278525e-10	8.5596286e-10	-3.292165e-10	0.990898	-2.070259e-17	0.5606639
7.325247780049285e-10	1.0205711e-09	1.975299e-10	0.990898	-2.070259e-17	0.5606637
7.350429134652095e-10	6.255113e-10	5.2674637e-10	0.990898	-2.070259e-17	0.5606638
7.375116738629886e-10	2.6337318e-10	6.58433e-10	0.9908981	-2.070259e-17	0.5606639
7.400298085355681e-10	-4.9382474e-11	1.975299e-10	0.9908981	-2.070259e-17	0.5606638
7.425479410206321e-10	3.292165e-10	-2.6337318e-10	0.9908981	-2.070259e-17	0.5606638
7.450166895502571e-10	7.901196e-10	-2.6337318e-10	0.990898	-2.070259e-17	0.5606639
7.475348141815306e-10	9.218062e-10	0	0.990898	-2.070259e-17	0.5606639
7.500035668132555e-10	1.0205711e-09	2.6337318e-10	0.990898	-2.070259e-17	0.5606639
7.525216948094009e-10	4.2798143e-10	2.6337318e-10	0.9908981	-2.070259e-17	0.5606638
7.550398229346733e-10	9.876495e-11	0	0.990898	-2.070259e-17	0.5606638
7.575085849239985e-10	9.876495e-11	-1.3168659e-10	0.990898	-2.070259e-17	0.5606639
7.600267197482213e-10	6.4197214e-10	-3.6213813e-10	0.990898	-2.070259e-17	0.5606639
7.625448444922717e-10	7.2427625e-10	1.975299e-10	0.990898	-2.070259e-17	0.5606639
7.650135928206122e-10	4.609031e-10	6.58433e-10	0.990898	-2.070259e-17	0.5606638
7.675317260759166e-10	3.950598e-10	3.950598e-10	0.990898	-2.070259e-17	0.5606639
7.700004757987483e-10	3.4567732e-10	-1.975299e-10	0.990898	-2.070259e-17	0.5606638
7.725186095530688e-10	7.571979e-10	3.2921648e-11	0.990898	-2.070259e-17	0.5606639
7.750367406806828e-10	7.571979e-10	0	0.990898	-2.070259e-17	0.560664
7.775054935202534e-10	1.0205711e-09	-2.3045155e-10	0.9908981	-2.070259e-17	0.5606638
7.800236244185095e-10	9.218062e-10	1.3168659e-10	0.990898	-2.070259e-17	0.5606639
7.825417494791539e-10	9.547279e-10	1.3168659e-10	0.9908981	-2.070259e-17	0.560664
7.850105087227921e-10	1.0864144e-09	1.3168659e-10	0.990898	-2.070259e-17	0.560664
7.875286312606781e-10	1.3827093e-09	5.2674637e-10	0.990898	-2.070259e-17	0.5606638
7.900467610558666e-10	5.925897e-10	7.901196e-10	0.990898	-2.070259e-17	0.5606637
7.92515511417986e-10	3.6213813e-10	4.938247e-10	0.990898	-2.070259e-17	0.5606638
7.950336269789162e-10	3.7859896e-10	1.3168659e-10	0.990898	-2.070259e-17	0.560664
7.975023845925219e-10	4.2798143e-10	3.1275565e-10	0.990898	-2.070259e-17	0.560664
8.000205119319982e-10	5.925897e-10	1.975299e-10	0.9908981	-2.070259e-17	0.5606637
8.025386410418533e-10	7.2427625e-10	2.6337318e-10	0.990898	-2.070259e-17	0.5606639
8.050073981953032e-10	8.39502e-10	1.975299e-10	0.990898	-2.070259e-17	0.5606638
8.075255183411202e-10	4.609031e-10	7.901196e-10	0.990898	-2.070259e-17	0.5606638
8.100436443900495e-10	3.292165e-10	1.3168659e-10	0.9908981	-2.070259e-17	0.5606639
8.125123970032311e-10	6.58433e-10	-3.950598e-10	0.990898	-2.070259e-17	0.5606639
8.150305285960862e-10	6.58433e-10	-3.950598e-10	0.990898	-2.070259e-17	0.5606638
8.175486431539465e-10	9.876494e-10	3.292165e-10	0.990898	-2.070259e-17	0.5606639
8.200174005316284e-10	1.1522577e-09	1.975299e-10	0.990898	-2.070259e-17	0.5606638
8.225355304370984e-10	9.218062e-10	3.292165e-10	0.990898	-2.070259e-17	0.5606639
8.250042805735664e-10	7.2427625e-10	4.609031e-10	0.9908981	-2.070259e-17	0.5606639
8.275224138741118e-10	4.773639e-10	4.609031e-10	0.990898	-2.070259e-17	0.560664
8.300405267668916e-10	3.292165e-10	2.4691235e-10	0.990898	-2.070259e-17	0.560664
8.325092824428582e-10	4.4444226e-10	1.975299e-10	0.990898	-2.070259e-17	0.5606639
8.35027416445995e-10	6.58433e-10	-2.6337318e-10	0.9908981	-2.070259e-17	0.5606638
8.375455413765788e-10	6.9135464e-10	-2.6337318e-10	0.9908981	-2.070259e-17	0.5606638
8.400142792168315e-10	8.888845e-10	1.975299e-10	0.9908981	-2.070259e-17	0.5606639
8.425324027741281e-10	6.255113e-10	3.950598e-10	0.990898	-2.070259e-17	0.5606639
8.450011640316673e-10	3.950598e-10	1.3168659e-10	0.990898	-2.070259e-17	0.5606638
8.475192810467998e-10	7.078154e-10	2.6337318e-10	0.990898	-2.070259e-17	0.560664
8.500373977646326e-10	8.5596286e-10	6.748938e-10	0.9908981	-2.070259e-17	0.5606639
8.52506150207816e-10	3.950598e-10	1.3168659e-10	0.990898	-2.070259e-17	0.5606638
8.550242846530363e-10	5.2674637e-10	3.292165e-10	0.990898	-2.070259e-17	0.5606638
8.575423966105601e-10	3.6213813e-10	2.1399071e-10	0.990898	-2.070259e-17	0.5606638
8.600111502673178e-10	2.3045155e-10	0	0.990898	-2.070259e-17	0.5606638
8.62529278197185e-10	6.255113e-10	-1.975299e-10	0.990898	-2.070259e-17	0.5606638
8.650473956646775e-10	7.571979e-10	3.6213813e-10	0.990898	-2.070259e-17	0.5606638
8.675161488839222e-10	6.58433e-10	5.2674637e-10	0.9908981	-2.070259e-17	0.5606639
8.700342728192898e-10	3.292165e-10	4.609031e-10	0.990898	-2.070259e-17	0.5606638
8.725030253419184e-10	3.292165e-10	-6.5843296e-11	0.990898	-2.070259e-17	0.5606638
8.75021156569479e-10	8.5596286e-10	6.5843296e-11	0.990898	-2.070259e-17	0.5606639
8.77539262228266e-10	6.255113e-10	2.6337318e-10	0.990898	-2.070259e-17	0.560664
8.800080157065004e-10	8.888845e-10	4.2798143e-10	0.990898	-2.070259e-17	0.5606638
8.82526143683905e-10	4.938247e-10	5.2674637e-10	0.990898	-2.070259e-17	0.5606638
8.85044259545168e-10	4.2798143e-10	2.6337318e-10	0.990898	-2.070259e-17	0.5606639
8.875130083384871e-10	7.2427625e-10	1.975299e-10	0.990898	-2.070259e-17	0.5606637
8.900311309488088e-10	5.925897e-10	1.3168659e-10	0.990898	-2.070259e-17	0.5606637
8.925492544416648e-10	4.2798143e-10	0	0.990898	-2.070259e-17	0.5606639
8.950180063262269e-10	9.218062e-10	-1.975299e-10	0.990898	-2.070259e-17	0.5606638
8.975361230747325e-10	1.0205711e-09	1.4814742e-10	0.9908981	-2.070259e-17	0.5606638
9.000048642942674e-10	7.571979e-10	1.8106906e-10	0.990898	-2.070259e-17	0.5606639
9.02522981764331e-10	5.2674637e-10	2.9629485e-10	0.9908981	-2.070259e-17	0.5606639
9.050411079228771e-10	3.6213813e-10	1.3168659e-10	0.990898	-2.070259e-17	0.560664
9.075098533728993e-10	5.5966803e-10	-2.6337318e-10	0.9908981	-2.070259e-17	0.5606639
9.100279791858797e-10	9.218062e-10	-1.3168659e-10	0.9908981	-2.070259e-17	0.5606637
9.125460999394647e-10	7.2427625e-10	6.5843296e-11	0.9908981	-2.070259e-17	0.5606637
9.150148537838664e-10	9.218062e-10	2.6337318e-10	0.9908981	-2.070259e-17	0.5606641
9.175329751030963e-10	7.571979e-10	2.6337318e-10	0.990898	-2.070259e-17	0.5606637
9.20001705097236e-10	6.58433e-10	2.6337318e-10	0.990898	-2.070259e-17	0.5606639
9.2251984072152e-10	6.255113e-10	1.3168659e-10	0.990898	-2.070259e-17	0.5606637
9.250379510432855e-10	7.901196e-10	1.3168659e-10	0.990898	-2.070259e-17	0.5606638
9.275066913381092e-10	3.292165e-10	3.950598e-10	0.990898	-2.070259e-17	0.5606637
9.300248207584377e-10	4.609031e-10	2.7983402e-10	0.990898	-2.070259e-17	0.5606639
9.325429410046349e-10	4.4444226e-10	6.5843296e-11	0.9908981	-2.070259e-17	0.5606638
9.350116845107949e-10	7.571979e-10	3.292165e-10	0.990898	-2.070259e-17	0.560664
9.375298019436512e-10	5.925897e-10	3.292165e-10	0.9908981	-2.070259e-17	0.5606639
9.400479214147478e-10	1.6460824e-10	3.292165e-10	0.990898	-2.070259e-17	0.5606637
9.425166660160792e-10	4.115206e-10	-1.3168659e-10	0.990898	-2.070259e-17	0.5606639
9.450347794566569e-10	6.748938e-10	-1.3168659e-10	0.990898	-2.070259e-17	0.5606639
9.475035211420213e-10	5.2674637e-10	0	0.990898	-2.070259e-17	0.5606639
9.500216403224061e-10	5.5966803e-10	6.5843296e-11	0.990898	-2.070259e-17	0.5606638
9.52539761832496e-10	6.255113e-10	2.6337318e-10	0.990898	-2.070259e-17	0.5606638
9.550085078961368e-10	0	-2.4691235e-10	0.990898	-2.070259e-17	0.560664
9.575266295637702e-10	3.6213813e-10	-1.975299e-10	0.990898	-2.070259e-17	0.5606639
9.600447461163155e-10	1.8106906e-10	0	0.990898	-2.070259e-17	0.560664
9.625134878286406e-10	8.5596286e-10	-2.9629485e-10	0.990898	-2.070259e-17	0.5606637
9.650316064283756e-10	9.0534535e-10	1.3168659e-10	0.990898	-2.070259e-17	0.5606637
9.675003561683803e-10	1.218101e-09	5.925897e-10	0.990898	-2.070259e-17	0.5606639
9.700184665619772e-10	7.7365875e-10	1.975299e-10	0.990898	-2.070259e-17	0.5606638
9.725365788486518e-10	7.2427625e-10	3.292165e-10	0.990898	-2.070259e-17	0.560664
9.75005324138859e-10	4.609031e-10	6.58433e-10	0.9908981	-2.070259e-17	0.5606637
9.77523442030143e-10	-1.6460824e-11	3.950598e-10	0.990898	-2.070259e-17	0.5606638
9.800415652012058e-10	5.2674637e-10	0	0.9908981	-2.070259e-17	0.5606638
9.8251029908383e-10	3.950598e-10	6.5843296e-11	0.990898	-2.070259e-17	0.5606638
9.850284151115723e-10	3.6213813e-10	2.7983402e-10	0.990898	-2.070259e-17	0.5606638
9.87546528532971e-10	4.2798143e-10	-6.5843296e-11	0.9908981	-2.070259e-17	0.5606639
9.900152708374367e-10	7.2427625e-10	6.5843296e-11	0.990898	-2.070259e-17	0.5606639
9.925333832611549e-10	7.571979e-10	1.3168659e-10	0.990898	-2.070259e-17	0.5606638
9.950021417074627e-10	1.1193361e-09	2.6337318e-10	0.990898	-2.070259e-17	0.5606638
9.975202575415762e-10	6.58433e-10	5.925897e-10	0.990898	-2.070259e-17	0.5606638
1.0000383760497721e-09	6.5843296e-11	4.4444226e-10	0.990898	-2.070259e-17	0.5606639
1.0025071100542972e-09	3.6213813e-10	-1.975299e-10	0.990898	-2.070259e-17	0.560664
1.0050252236266776e-09	6.9135464e-10	-4.115206e-10	0.990898	-2.070259e-17	0.560664
1.007543340330683e-09	9.218062e-10	1.3168659e-10	0.9908981	-2.070259e-17	0.5606639
1.0100120810179145e-09	8.5596286e-10	1.3168659e-10	0.9908981	-2.070259e-17	0.5606638
1.0125301915734558e-09	7.2427625e-10	1.3168659e-10	0.9908981	-2.070259e-17	0.5606639
1.0150483041455548e-09	8.888845e-10	5.925897e-10	0.990898	-2.070259e-17	0.5606637
1.0175170479825262e-09	1.3168659e-10	2.1399071e-10	0.990898	-2.070259e-17	0.5606639
1.0200351685568969e-09	2.3045155e-10	0	0.990898	-2.070259e-17	0.5606639
1.022503907503745e-09	9.711887e-10	-2.6337318e-10	0.990898	-2.070259e-17	0.5606638
1.0250220247379126e-09	1.1522577e-09	3.950598e-10	0.990898	-2.070259e-17	0.5606638
1.0275401406360297e-09	9.218062e-10	3.292165e-10	0.990898	-2.070259e-17	0.5606639
1.0300088825303271e-09	5.5966803e-10	3.950598e-10	0.990898	-2.070259e-17	0.5606638
1.032526999885158e-09	5.2674637e-10	5.2674637e-10	0.990898	-2.070259e-17	0.560664
1.035045105619291e-09	3.292165e-10	1.975299e-10	0.9908981	-2.070259e-17	0.560664
1.0375138509247685e-09	3.292165e-10	-1.3168659e-10	0.990898	-2.070259e-17	0.5606638
1.040031962721663e-09	7.571979e-10	0	0.9908981	-2.070259e-17	0.5606641
1.0425007050718837e-09	8.5596286e-10	6.5843296e-11	0.990898	-2.070259e-17	0.5606638
1.0450188141979557e-09	8.230412e-10	3.292165e-10	0.990898	-2.070259e-17	0.5606637
1.0475369209132393e-09	8.065804e-10	6.5843296e-11	0.9908981	-2.070259e-17	0.5606639
1.0500056680264452e-09	4.773639e-10	1.3168659e-10	0.9908981	-2.070259e-17	0.5606639
1.0525237728911594e-09	3.6213813e-10	2.6337318e-10	0.990898	-2.070259e-17	0.5606637
1.0550418843795367e-09	5.5966803e-10	3.950598e-10	0.9908981	-2.070259e-17	0.5606637
1.0575106200935641e-09	7.7365875e-10	-6.5843296e-11	0.990898	-2.070259e-17	0.5606639
1.0600287441940955e-09	6.4197214e-10	6.5843296e-11	0.990898	-2.070259e-17	0.5606638
1.0625468490507993e-09	6.58433e-10	1.3168659e-10	0.990898	-2.070259e-17	0.560664
1.0650155960045732e-09	3.1275565e-10	1.8106906e-10	0.990898	-2.070259e-17	0.560664
1.0675337107036756e-09	6.255113e-10	2.6337318e-10	0.9908981	-2.070259e-17	0.5606638
1.070002446139509e-09	7.407371e-10	1.975299e-10	0.990898	-2.070259e-17	0.5606639
1.0725205472651884e-09	7.078154e-10	3.292165e-10	0.990898	-2.070259e-17	0.5606641
1.0750386629691833e-09	7.7365875e-10	3.6213813e-10	0.990898	-2.070259e-17	0.5606637
1.077507410321589e-09	7.571979e-10	0	0.990898	-2.070259e-17	0.5606639
1.0800255207221272e-09	3.950598e-10	1.975299e-10	0.990898	-2.070259e-17	0.560664
1.082543640568802e-09	3.7859896e-10	6.5843296e-11	0.9908981	-2.070259e-17	0.5606638
1.0850123882622625e-09	5.925897e-10	-1.975299e-10	0.990898	-2.070259e-17	0.5606639
1.0875304986564658e-09	5.925897e-10	1.3168659e-10	0.9908981	-2.070259e-17	0.5606639
1.090048606135673e-09	6.9135464e-10	2.6337318e-10	0.990898	-2.070259e-17	0.5606638
1.0925173301127046e-09	2.9629485e-10	3.950598e-10	0.9908981	-2.070259e-17	0.5606639
1.0950354493263505e-09	4.2798143e-10	1.975299e-10	0.990898	-2.070259e-17	0.5606639
1.097504193166386e-09	4.115206e-10	6.5843296e-11	0.9908981	-2.070259e-17	0.5606639
1.1000223093447363e-09	7.571979e-10	1.3168659e-10	0.990898	-2.070259e-17	0.5606639
1.1025404124344705e-09	5.925897e-10	5.925897e-10	0.990898	-2.070259e-17	0.5606639
1.1050091506140561e-09	3.7859896e-10	2.9629485e-10	0.990898	-2.070259e-17	0.5606639
1.1075272731211452e-09	2.6337318e-10	4.609031e-10	0.990898	-2.070259e-17	0.5606638
1.1100453748412004e-09	3.4567732e-10	-1.975299e-10	0.990898	-2.070259e-17	0.560664
1.1125141174653185e-09	4.4444226e-10	-2.4691235e-10	0.990898	-2.070259e-17	0.5606639
1.1150322319535237e-09	8.39502e-10	0	0.990898	-2.070259e-17	0.5606641
1.1175009698176386e-09	2.1399071e-10	0	0.990898	-2.070259e-17	0.5606638
1.1200190774672907e-09	5.5966803e-10	1.3168659e-10	0.9908981	-2.070259e-17	0.560664
1.1225371899294153e-09	3.4567732e-10	3.292165e-10	0.990898	-2.070259e-17	0.5606639
1.1250059245225842e-09	5.2674637e-10	2.6337318e-10	0.990898	-2.070259e-17	0.5606639
1.1275240344148369e-09	5.2674637e-10	1.975299e-10	0.9908981	-2.070259e-17	0.5606641
1.1300421405679376e-09	3.950598e-10	-4.9382474e-11	0.9908981	-2.070259e-17	0.5606639
1.1325108764930864e-09	7.571979e-10	-6.5843296e-11	0.990898	-2.070259e-17	0.5606638
1.1350289873587372e-09	6.58433e-10	1.975299e-10	0.990898	-2.070259e-17	0.560664
1.1375470960967202e-09	6.255113e-10	3.950598e-10	0.990898	-2.070259e-17	0.5606637
1.1400158426680064e-09	3.292165e-10	1.3168659e-10	0.990898	-2.070259e-17	0.560664
1.14253394798762e-09	8.230412e-10	5.2674637e-10	0.990898	-2.070259e-17	0.5606638
1.1450026931944297e-09	3.6213813e-10	7.901196e-10	0.990898	-2.070259e-17	0.5606638
1.1475207961887356e-09	2.3045155e-10	1.975299e-10	0.990898	-2.070259e-17	0.560664
1.1500389080489475e-09	9.218062e-10	2.6337318e-10	0.990898	-2.070259e-17	0.560664
1.1525076475634101e-09	9.218062e-10	3.950598e-10	0.990898	-2.070259e-17	0.5606639
1.155025748261138e-09	5.5966803e-10	4.609031e-10	0.990898	-2.070259e-17	0.560664
1.1575438610936173e-09	7.407371e-10	6.5843296e-11	0.9908981	-2.070259e-17	0.5606639
1.1600126021186836e-09	6.090505e-10	3.950598e-10	0.990898	-2.070259e-17	0.5606638
1.1625307175884006e-09	5.2674637e-10	3.950598e-10	0.990898	-2.070259e-17	0.5606639
1.165048826060302e-09	4.938247e-10	5.925897e-10	0.990898	-2.070259e-17	0.56066424
1.1675175567008482e-09	4.115206e-10	-1.3168659e-10	0.990898	-2.070259e-17	0.5606639
1.170035666057359e-09	5.5966803e-10	-3.292165e-10	0.990898	-2.070259e-17	0.560664
1.1725043989503996e-09	4.938247e-10	-3.292165e-10	0.990898	-2.070259e-17	0.560664
1.1750225118706625e-09	1.0534927e-09	-6.5843296e-11	0.990898	-2.070259e-17	0.560664
1.177540618804032e-09	9.547279e-10	1.975299e-10	0.990898	-2.070259e-17	0.560664
1.1800093532085676e-09	7.901196e-10	6.58433e-10	0.990898	-2.070259e-17	0.5606639
1.1825274682445601e-09	-8.230412e-11	4.609031e-10	0.990898	-2.070259e-17	0.5606639
1.1850455825652768e-09	3.6213813e-10	-1.3168659e-10	0.990898	-2.070259e-17	0.5606639
1.1875143152141584e-09	6.9135464e-10	-1.3168659e-10	0.990898	-2.070259e-17	0.560664
1.1900324230030365e-09	7.2427625e-10	0	0.990898	-2.070259e-17	0.5606638
1.1925011616981987e-09	3.950598e-10	0	0.990898	-2.070259e-17	0.5606641
1.1950192662442072e-09	1.0205711e-09	6.5843296e-11	0.990898	-2.070259e-17	0.5606639
1.1975373676925952e-09	8.888845e-10	2.9629485e-10	0.9908981	-2.070259e-17	0.5606639
1.2000061032498763e-09	5.925897e-10	0	0.990898	-2.070259e-17	0.5606641
1.2025242146086765e-09	7.2427625e-10	-3.7859896e-10	0.9908981	-2.070259e-17	0.560664
1.2050423283350617e-09	9.547279e-10	-1.3168659e-10	0.990898	-2.070259e-17	0.560664
1.2075110631307226e-09	7.571979e-10	3.292165e-10	0.9908981	-2.070259e-17	0.5606638
1.2100291682265171e-09	6.58433e-10	5.2674637e-10	0.990898	-2.070259e-17	0.5606639
1.2125472726766224e-09	2.6337318e-10	3.292165e-10	0.990898	-2.070259e-17	0.56066424
1.2150160051489247e-09	5.5966803e-10	1.3168659e-10	0.9908981	-2.070259e-17	0.5606641
1.2175341142634567e-09	9.218062e-10	-6.5843296e-11	0.990898	-2.070259e-17	0.560664
1.2200028586341288e-09	7.901196e-10	0	0.990898	-2.070259e-17	0.5606639
1.2225209530884895e-09	8.230412e-10	9.876495e-11	0.9908981	-2.070259e-17	0.5606641
1.2250390723013665e-09	8.230412e-10	1.3168659e-10	0.9908981	-2.070259e-17	0.560664
1.227507806589772e-09	6.9135464e-10	-3.2921648e-11	0.990898	-2.070259e-17	0.560664
1.230025914232842e-09	7.2427625e-10	3.2921648e-11	0.990898	-2.070259e-17	0.5606641
1.232544021465925e-09	6.58433e-10	6.5843296e-11	0.990898	-2.070259e-17	0.560664
1.2350127573660842e-09	6.4197214e-10	0	0.9908981	-2.070259e-17	0.560664
1.2375308648754055e-09	5.5966803e-10	3.950598e-10	0.9908981	-2.070259e-17	0.5606639
1.24004897417371e-09	6.58433e-10	2.6337318e-10	0.990898	-2.070259e-17	0.5606641
1.2425176993576155e-09	1.0699536e-09	5.2674637e-10	0.990898	-2.070259e-17	0.5606639
1.2450358191524193e-09	9.711887e-10	7.2427625e-10	0.990898	-2.070259e-17	0.560664
1.247504539561563e-09	3.292165e-10	5.925897e-10	0.990898	-2.070259e-17	0.56066424
1.2500226443447533e-09	3.7859896e-10	5.925897e-10	0.990898	-2.070259e-17	0.5606639
1.2525407514445003e-09	2.6337318e-10	3.1275565e-10	0.990898	-2.070259e-17	0.5606641
1.2550094969548684e-09	5.925897e-10	1.6460824e-10	0.990898	-2.070259e-17	0.560664
1.2575276028435994e-09	4.2798143e-10	1.975299e-10	0.990898	-2.070259e-17	0.5606639
1.2600457122131498e-09	2.9629485e-10	1.975299e-10	0.990898	-2.070259e-17	0.560664
1.2625144403257129e-09	5.2674637e-10	1.3168659e-10	0.9908981	-2.070259e-17	0.560664
1.2650325541794185e-09	4.609031e-10	-6.5843296e-11	0.990898	-2.070259e-17	0.5606639
1.2675012803177804e-09	8.5596286e-10	-6.5843296e-11	0.9908981	-2.070259e-17	0.560664
1.2700193849528532e-09	8.888845e-10	2.3045155e-10	0.9908981	-2.070259e-17	0.560664
1.2725374927386565e-09	7.571979e-10	5.2674637e-10	0.990898	-2.070259e-17	0.56066424
1.2750062313731553e-09	5.432072e-10	3.292165e-10	0.990898	-2.070259e-17	0.5606639
1.2775243333969516e-09	4.609031e-10	-1.6460824e-11	0.990898	-2.070259e-17	0.5606641
1.2800424418700206e-09	5.5966803e-10	-4.609031e-10	0.990898	-2.070259e-17	0.5606638
1.2825111723940224e-09	1.1028752e-09	0	0.990898	-2.070259e-17	0.5606639
1.2850292721529041e-09	1.1193361e-09	1.975299e-10	0.990898	-2.070259e-17	0.5606641
1.2875473784951416e-09	6.4197214e-10	5.2674637e-10	0.990898	-2.070259e-17	0.560664
1.2900161169053845e-09	4.609031e-10	4.609031e-10	0.9908981	-2.070259e-17	0.56066424
1.292534225885846e-09	3.4567732e-10	-9.876495e-11	0.990898	-2.070259e-17	0.5606641
1.2950029575397359e-09	8.065804e-10	0	0.990898	-2.070259e-17	0.5606641
1.2975210564306388e-09	1.1193361e-09	-1.975299e-10	0.990898	-2.070259e-17	0.560664
1.3000391724878187e-09	7.2427625e-10	5.2674637e-10	0.990898	-2.070259e-17	0.5606641
1.3025078999458116e-09	4.773639e-10	5.2674637e-10	0.990898	-2.070259e-17	0.560664
1.3050260016895155e-09	6.5843296e-11	3.292165e-10	0.9908981	-2.070259e-17	0.560664
1.3075441154530692e-09	4.938247e-10	-6.5843296e-11	0.9908981	-2.070259e-17	0.56066424
1.310012838550759e-09	8.5596286e-10	3.2921648e-11	0.9908981	-2.070259e-17	0.5606639
1.3125309474766534e-09	1.3004051e-09	0	0.990898	-2.070259e-17	0.5606641
1.315049053904854e-09	9.0534535e-10	7.901196e-10	0.990898	-2.070259e-17	0.5606641
1.3175177901422762e-09	3.6213813e-10	7.2427625e-10	0.990898	-2.070259e-17	0.5606641
1.3200358886699693e-09	1.6460824e-10	3.292165e-10	0.990898	-2.070259e-17	0.560664
1.3225046207189583e-09	1.6460824e-10	-1.3168659e-10	0.990898	-2.070259e-17	0.5606641
1.3250227289132522e-09	2.9629485e-10	-4.2798143e-10	0.9908981	-2.070259e-17	0.560664
1.3275408367070986e-09	5.2674637e-10	-6.58433e-10	0.9908981	-2.070259e-17	0.560664
1.3300095567459758e-09	7.901196e-10	-1.975299e-10	0.990898	-2.070259e-17	0.5606641
1.332527661053513e-09	5.925897e-10	6.5843296e-11	0.990898	-2.070259e-17	0.5606641
1.3350457664747072e-09	1.1193361e-09	2.6337318e-10	0.990898	-2.070259e-17	0.5606641
1.3375144997150367e-09	8.230412e-10	5.2674637e-10	0.990898	-2.070259e-17	0.560664
1.3400326132231004e-09	2.9629485e-10	6.58433e-10	0.990898	-2.070259e-17	0.5606641
1.3425013441818857e-09	-3.2921648e-11	1.3168659e-10	0.990898	-2.070259e-17	0.5606641
1.345019446704344e-09	2.3045155e-10	6.5843296e-11	0.990898	-2.070259e-17	0.56066424
1.3475375476933127e-09	3.6213813e-10	-6.5843296e-11	0.990898	-2.070259e-17	0.560664
1.3500062844296028e-09	6.9135464e-10	-6.5843296e-11	0.9908981	-2.070259e-17	0.560664
1.3525243839738667e-09	1.0205711e-09	-2.6337318e-10	0.9908981	-2.070259e-17	0.560664
1.3550424862920037e-09	7.7365875e-10	2.6337318e-10	0.990898	-2.070259e-17	0.560664
1.3575112226992068e-09	3.6213813e-10	-1.3168659e-10	0.9908981	-2.070259e-17	0.560664
1.3600293222946633e-09	7.2427625e-10	6.5843296e-11	0.990898	-2.070259e-17	0.56066424
1.362547435764695e-09	6.9135464e-10	5.2674637e-10	0.990898	-2.070259e-17	0.5606641
1.3650161658204282e-09	6.9135464e-10	3.292165e-10	0.990898	-2.070259e-17	0.560664
1.367534267094132e-09	3.292165e-10	1.3168659e-10	0.990898	-2.070259e-17	0.5606641
1.3700029909419012e-09	9.218062e-10	-2.6337318e-10	0.990898	-2.070259e-17	0.5606641
1.372521103812496e-09	9.876494e-10	2.6337318e-10	0.990898	-2.070259e-17	0.560664
1.3750392097760593e-09	8.888845e-10	3.292165e-10	0.9908981	-2.070259e-17	0.5606639
1.377507940113668e-09	7.2427625e-10	5.2674637e-10	0.990898	-2.070259e-17	0.560664
1.3800260393932272e-09	6.9135464e-10	-6.5843296e-11	0.990898	-2.070259e-17	0.56066424
1.3825441503031197e-09	8.065804e-10	2.6337318e-10	0.990898	-2.070259e-17	0.560664
1.385012870810688e-09	1.6460824e-10	1.3168659e-10	0.990898	-2.070259e-17	0.56066424
1.3875309818901709e-09	1.6460824e-10	3.2921648e-11	0.990898	-2.070259e-17	0.560664
1.3900490933485525e-09	3.292165e-10	1.3168659e-10	0.990898	-2.070259e-17	0.5606641
1.3925178196961518e-09	6.748938e-10	-2.3045155e-10	0.990898	-2.070259e-17	0.5606641
1.3950359177514468e-09	9.547279e-10	3.6213813e-10	0.9908981	-2.070259e-17	0.5606638
1.3975046407224268e-09	4.773639e-10	1.3168659e-10	0.9908981	-2.070259e-17	0.5606641
1.4000227551812426e-09	7.571979e-10	-1.3168659e-10	0.990898	-2.070259e-17	0.5606641
1.4025408618814778e-09	9.876494e-10	-6.5843296e-11	0.990898	-2.070259e-17	0.560664
1.4050095894984483e-09	9.0534535e-10	5.925897e-10	0.990898	-2.070259e-17	0.5606638
1.4075276953498672e-09	6.255113e-10	4.609031e-10	0.990898	-2.070259e-17	0.56066424
1.4100458016729424e-09	5.2674637e-10	6.5843296e-11	0.9908981	-2.070259e-17	0.560664
1.4125145216724483e-09	7.2427625e-10	-1.8106906e-10	0.990898	-2.070259e-17	0.5606641
1.415032633101139e-09	6.9135464e-10	1.3168659e-10	0.990898	-2.070259e-17	0.56066424
1.4175013627146715e-09	9.218062e-10	2.6337318e-10	0.990898	-2.070259e-17	0.560664
1.4200194684897714e-09	5.1028554e-10	4.609031e-10	0.990898	-2.070259e-17	0.5606639
1.4225375694461886e-09	5.2674637e-10	4.9382474e-11	0.990898	-2.070259e-17	0.5606639
1.4250062930075088e-09	6.5843296e-11	4.609031e-10	0.9908981	-2.070259e-17	0.5606639
1.427524391427982e-09	2.3045155e-10	-6.5843296e-11	0.990898	-2.070259e-17	0.560664
1.4300424952475557e-09	1.975299e-10	-6.5843296e-11	0.9908981	-2.070259e-17	0.560664
1.432511229628487e-09	4.773639e-10	-6.5843296e-11	0.990898	-2.070259e-17	0.5606641
1.435029331735961e-09	6.9135464e-10	6.5843296e-11	0.9908981	-2.070259e-17	0.560664
1.4375474424756674e-09	8.888845e-10	6.5843296e-11	0.990898	-2.070259e-17	0.5606641
1.4400161654833127e-09	3.7859896e-10	5.2674637e-10	0.990898	-2.070259e-17	0.5606641
1.44253427489645e-09	7.901196e-10	2.6337318e-10	0.990898	-2.070259e-17	0.560664
1.4450030015431065e-09	3.950598e-10	5.2674637e-10	0.990898	-2.070259e-17	0.56066424
1.4475210996675376e-09	-6.5843296e-11	6.748938e-10	0.990898	-2.070259e-17	0.5606639
1.4500392066653038e-09	1.6460824e-10	6.58433e-10	0.990898	-2.070259e-17	0.5606641
1.4525079370073738e-09	2.6337318e-10	-6.5843296e-11	0.990898	-2.070259e-17	0.560664
1.4550260395666103e-09	4.2798143e-10	3.292165e-10	0.990898	-2.070259e-17	0.5606641
1.4575441461091022e-09	6.9135464e-10	3.2921648e-11	0.990898	-2.070259e-17	0.56066424
1.460012879069844e-09	4.2798143e-10	1.3168659e-10	0.990898	-2.070259e-17	0.56066424
1.4625309889592928e-09	2.7983402e-10	4.609031e-10	0.990898	-2.070259e-17	0.560664
1.4650490781700358e-09	-3.292165e-10	4.609031e-10	0.990898	-2.070259e-17	0.560664
1.4675178123915643e-09	1.8106906e-10	-3.292165e-10	0.9908981	-2.070259e-17	0.560664
1.4700359111268981e-09	8.888845e-10	-1.975299e-10	0.990898	-2.070259e-17	0.560664
1.4725046393388736e-09	1.0864144e-09	0	0.9908981	-2.070259e-17	0.5606641
1.4750227411181426e-09	6.4197214e-10	3.950598e-10	0.990898	-2.070259e-17	0.560664
1.477540856002954e-09	2.6337318e-10	5.2674637e-10	0.9908981	-2.070259e-17	0.5606641
1.4800095776232125e-09	1.3168659e-10	1.3168659e-10	0.990898	-2.070259e-17	0.5606641
1.4825276817669761e-09	4.773639e-10	-2.6337318e-10	0.9908981	-2.070259e-17	0.560664
1.4850457856985105e-09	5.1028554e-10	-5.5966803e-10	0.990898	-2.070259e-17	0.5606641
1.4875145086014268e-09	9.547279e-10	-1.3168659e-10	0.990898	-2.070259e-17	0.5606641
1.4900326081408978e-09	1.0041102e-09	4.609031e-10	0.990898	-2.070259e-17	0.56066453
1.4925013430068046e-09	4.773639e-10	6.5843296e-11	0.990898	-2.070259e-17	0.5606641
1.4950194509858757e-09	9.876495e-11	3.292165e-10	0.990898	-2.070259e-17	0.56066424
1.4975375473473542e-09	2.6337318e-10	1.975299e-10	0.990898	-2.070259e-17	0.5606641
1.50000627347387e-09	6.9135464e-10	1.975299e-10	0.990898	-2.070259e-17	0.56066424
1.5025243758164168e-09	1.0864144e-09	0	0.990898	-2.070259e-17	0.5606641
1.5050424796990945e-09	7.571979e-10	2.6337318e-10	0.990898	-2.070259e-17	0.5606641
1.5075112143482342e-09	5.432072e-10	7.2427625e-10	0.990898	-2.070259e-17	0.560664
1.5100293187551234e-09	4.609031e-10	3.950598e-10	0.9908981	-2.070259e-17	0.5606641
1.5125474194692052e-09	6.58433e-10	2.6337318e-10	0.990898	-2.070259e-17	0.56066436
1.5150161469828304e-09	2.4691235e-10	6.4197214e-10	0.990898	-2.070259e-17	0.560664
1.5175342507276945e-09	5.5966803e-10	6.5843296e-11	0.9908981	-2.070259e-17	0.56066424
1.5200029699914756e-09	1.0534927e-09	-3.2921648e-11	0.990898	-2.070259e-17	0.56066424
1.5225210769490881e-09	9.218062e-10	3.950598e-10	0.9908981	-2.070259e-17	0.5606639
1.525039185128878e-09	7.901196e-10	3.950598e-10	0.990898	-2.070259e-17	0.56066424
1.5275079096486245e-09	6.58433e-10	4.609031e-10	0.990898	-2.070259e-17	0.5606641
1.5300260167858826e-09	6.255113e-10	3.950598e-10	0.990898	-2.070259e-17	0.56066424
1.5325441225393187e-09	4.609031e-10	2.6337318e-10	0.9908981	-2.070259e-17	0.5606641
1.5350128533681719e-09	3.6213813e-10	4.609031e-10	0.990898	-2.070259e-17	0.560664
1.537530946813264e-09	5.2674637e-10	6.5843296e-11	0.990898	-2.070259e-17	0.560664
1.5400490492238738e-09	7.078154e-10	-2.6337318e-10	0.990898	-2.070259e-17	0.5606641
1.5425177789380693e-09	9.547279e-10	0	0.990898	-2.070259e-17	0.5606641
1.5450358900865981e-09	8.888845e-10	1.3168659e-10	0.9908981	-2.070259e-17	0.560664
1.5475046208513037e-09	7.2427625e-10	1.3168659e-10	0.990898	-2.070259e-17	0.5606641
1.5500227213032418e-09	5.1028554e-10	0	0.990898	-2.070259e-17	0.5606641
1.5525408214621286e-09	3.6213813e-10	-4.609031e-10	0.990898	-2.070259e-17	0.56066424
1.555009547551255e-09	6.255113e-10	-5.2674637e-10	0.9908981	-2.070259e-17	0.56066424
1.557527653798584e-09	9.218062e-10	-1.975299e-10	0.990898	-2.070259e-17	0.560664
1.5600457495982788e-09	9.218062e-10	3.950598e-10	0.990898	-2.070259e-17	0.5606641
1.5625144740379343e-09	6.9135464e-10	3.1275565e-10	0.990898	-2.070259e-17	0.5606641
1.5650325866604401e-09	5.7612887e-10	6.5843296e-11	0.990898	-2.070259e-17	0.56066436
1.5675013072307801e-09	5.432072e-10	1.975299e-10	0.990898	-2.070259e-17	0.5606641
1.5700194149541222e-09	9.0534535e-10	0	0.990898	-2.070259e-17	0.56066424
1.572537511960216e-09	8.39502e-10	0	0.990898	-2.070259e-17	0.56066424
1.5750062399744342e-09	8.5596286e-10	2.6337318e-10	0.9908981	-2.070259e-17	0.56066436
1.5775243383632638e-09	1.0205711e-09	4.609031e-10	0.990898	-2.070259e-17	0.5606641
1.5800424431828917e-09	7.2427625e-10	1.3168659e-10	0.990898	-2.070259e-17	0.5606641
1.5825111782333608e-09	4.938247e-10	1.975299e-10	0.9908981	-2.070259e-17	0.56066453
1.5850292687420993e-09	6.58433e-10	3.950598e-10	0.990898	-2.070259e-17	0.560664
1.5875473730422494e-09	4.938247e-10	1.3168659e-10	0.990898	-2.070259e-17	0.56066424
1.5900160994849407e-09	5.925897e-10	0	0.990898	-2.070259e-17	0.560664
1.5925342074753226e-09	6.255113e-10	0	0.990898	-2.070259e-17	0.56066424
1.5950029356760821e-09	5.2674637e-10	3.292165e-10	0.990898	-2.070259e-17	0.560664
1.5975210412197886e-09	6.58433e-10	2.9629485e-10	0.990898	-2.070259e-17	0.5606641
1.6000391431226487e-09	4.938247e-10	1.3168659e-10	0.990898	-2.070259e-17	0.5606641
1.6025078754293092e-09	5.925897e-10	0	0.990898	-2.070259e-17	0.560664
1.6050259711235049e-09	9.547279e-10	4.4444226e-10	0.990898	-2.070259e-17	0.5606641
1.6075440701311161e-09	4.2798143e-10	8.5596286e-10	0.9908981	-2.070259e-17	0.5606641
1.6100128026940596e-09	2.3045155e-10	6.58433e-10	0.990898	-2.070259e-17	0.56066424
1.6125309030486071e-09	4.938247e-10	2.6337318e-10	0.990898	-2.070259e-17	0.56066436
1.6150490047087641e-09	6.9135464e-10	4.609031e-10	0.990898	-2.070259e-17	0.5606641
1.6175177359325958e-09	6.748938e-10	3.1275565e-10	0.990898	-2.070259e-17	0.560664
1.6200358341597643e-09	2.3045155e-10	2.6337318e-10	0.990898	-2.070259e-17	0.5606641
1.622504567771947e-09	5.2674637e-10	0	0.9908981	-2.070259e-17	0.56066424
1.625022659228116e-09	7.901196e-10	0	0.990898	-2.070259e-17	0.5606641
1.6275407661955512e-09	6.9135464e-10	5.2674637e-10	0.990898	-2.070259e-17	0.560664
1.630009491029274e-09	2.6337318e-10	5.925897e-10	0.9908981	-2.070259e-17	0.5606641
1.6325275964716125e-09	4.938247e-10	7.2427625e-10	0.990898	-2.070259e-17	0.5606641
1.6350457014454112e-09	-6.5843296e-11	2.6337318e-10	0.990898	-2.070259e-17	0.5606641
1.6375144277217921e-09	1.1522577e-10	-2.6337318e-10	0.990898	-2.070259e-17	0.56066424
1.6400325336676815e-09	4.2798143e-10	-3.292165e-10	0.990898	-2.070259e-17	0.56066424
1.6425012524144065e-09	8.230412e-10	-6.5843296e-11	0.990898	-2.070259e-17	0.560664
1.645019364090687e-09	1.1193361e-09	3.292165e-10	0.990898	-2.070259e-17	0.560664
1.6475374625125294e-09	6.255113e-10	2.6337318e-10	0.990898	-2.070259e-17	0.5606641
1.6500061899130093e-09	4.4444226e-10	3.292165e-10	0.9908981	-2.070259e-17	0.5606641
1.6525242914043123e-09	3.1275565e-10	3.292165e-10	0.990898	-2.070259e-17	0.5606641
1.6550423873027e-09	4.938247e-10	3.2921648e-11	0.990898	-2.070259e-17	0.56066424
1.6575111204463707e-09	7.2427625e-10	6.5843296e-11	0.990898	-2.070259e-17	0.56066424
1.6600292175315904e-09	7.901196e-10	6.5843296e-11	0.990898	-2.070259e-17	0.5606641
1.6625473207109264e-09	8.888845e-10	1.3168659e-10	0.990898	-2.070259e-17	0.5606641
1.6650160500028104e-09	3.950598e-10	2.6337318e-10	0.990898	-2.070259e-17	0.56066424
1.667534145520944e-09	3.950598e-10	2.6337318e-10	0.990898	-2.070259e-17	0.5606641
1.6700028766537314e-09	3.950598e-10	5.2674637e-10	0.990898	-2.070259e-17	0.56066453
1.6725209799609231e-09	1.3168659e-10	6.58433e-10	0.990898	-2.070259e-17	0.56066424
1.675039081423446e-09	3.950598e-10	-1.975299e-10	0.990898	-2.070259e-17	0.56066424
1.6775078102353371e-09	7.7365875e-10	1.3168659e-10	0.9908981	-2.070259e-17	0.56066424
1.6800259103160366e-09	7.571979e-10	6.58433e-10	0.990898	-2.070259e-17	0.56066424
1.6825440106397094e-09	4.609031e-10	5.925897e-10	0.990898	-2.070259e-17	0.56066436
1.68501273207996e-09	1.6460824e-10	2.6337318e-10	0.990898	-2.070259e-17	0.56066436
1.6875308340833054e-09	5.925897e-10	-1.6460824e-10	0.9908981	-2.070259e-17	0.56066436
1.6900489370422474e-09	8.39502e-10	1.975299e-10	0.990898	-2.070259e-17	0.5606641
1.6925176676986864e-09	5.7612887e-10	3.7859896e-10	0.9908981	-2.070259e-17	0.5606641
1.6950357767355456e-09	1.6460824e-10	1.3168659e-10	0.990898	-2.070259e-17	0.56066424
1.6975044959373613e-09	3.2921648e-11	1.3168659e-10	0.9908981	-2.070259e-17	0.5606641
1.7000225936338169e-09	4.2798143e-10	1.975299e-10	0.990898	-2.070259e-17	0.56066424
1.7025406964389591e-09	6.255113e-10	2.6337318e-10	0.990898	-2.070259e-17	0.56066424
1.7050094225736393e-09	6.255113e-10	2.6337318e-10	0.990898	-2.070259e-17	0.560664
1.7075275256938108e-09	8.5596286e-10	0	0.990898	-2.070259e-17	0.56066436
1.7100456241477597e-09	6.090505e-10	6.58433e-10	0.990898	-2.070259e-17	0.56066436
1.7125143579725138e-09	5.5966803e-10	3.7859896e-10	0.9908981	-2.070259e-17	0.56066424
1.7150324621074724e-09	2.9629485e-10	2.6337318e-10	0.990898	-2.070259e-17	0.56066436
1.7175011876140774e-09	6.5843296e-11	1.3168659e-10	0.990898	-2.070259e-17	0.560664
1.7200192895371612e-09	6.090505e-10	-2.6337318e-10	0.990898	-2.070259e-17	0.56066436
1.722537379474126e-09	1.0205711e-09	1.6460824e-11	0.990898	-2.070259e-17	0.5606641
1.7250061116286052e-09	7.571979e-10	5.2674637e-10	0.990898	-2.070259e-17	0.5606641
1.7275242112440695e-09	1.6460824e-10	4.773639e-10	0.990898	-2.070259e-17	0.5606641
1.7300423122808884e-09	4.2798143e-10	-1.975299e-10	0.990898	-2.070259e-17	0.5606641
1.7325110501038674e-09	5.1028554e-10	-1.3168659e-10	0.990898	-2.070259e-17	0.56066436
1.735029141756505e-09	6.58433e-10	2.3045155e-10	0.9908981	-2.070259e-17	0.56066436
1.737547242745434e-09	2.3045155e-10	4.609031e-10	0.990898	-2.070259e-17	0.56066424
1.7400159705099149e-09	0	6.5843296e-11	0.990898	-2.070259e-17	0.5606641
1.7425340753010532e-09	3.292165e-10	-3.950598e-10	0.990898	-2.070259e-17	0.56066436
1.7450028057396923e-09	8.888845e-10	-5.2674637e-10	0.990898	-2.070259e-17	0.5606641
1.7475209045190387e-09	9.876494e-10	-2.3045155e-10	0.9908981	-2.070259e-17	0.56066436
1.7500390011160428e-09	9.547279e-10	2.6337318e-10	0.990898	-2.070259e-17	0.5606641
1.7525077244608061e-09	1.975299e-10	0	0.990898	-2.070259e-17	0.56066424
1.7550258232250573e-09	5.1028554e-10	6.5843296e-11	0.990898	-2.070259e-17	0.56066453
1.7575439283278925e-09	5.2674637e-10	3.950598e-10	0.990898	-2.070259e-17	0.56066424
1.7600126569922529e-09	4.4444226e-10	1.3168659e-10	0.990898	-2.070259e-17	0.5606641
1.7625307608275692e-09	7.571979e-10	-6.5843296e-11	0.990898	-2.070259e-17	0.56066424
1.7650488607072828e-09	1.0534927e-09	-1.3168659e-10	0.990898	-2.070259e-17	0.560664
1.7675175840367445e-09	1.1193361e-09	1.6460824e-10	0.990898	-2.070259e-17	0.56066424
1.770035682599515e-09	6.58433e-10	4.609031e-10	0.990898	-2.070259e-17	0.56066436
1.7725044077904104e-09	6.090505e-10	3.292165e-10	0.990898	-2.070259e-17	0.56066436
1.7750225143341362e-09	5.2674637e-10	2.6337318e-10	0.990898	-2.070259e-17	0.56066424
1.777540610116004e-09	6.9135464e-10	2.6337318e-10	0.990898	-2.070259e-17	0.56066424
1.7800093342465677e-09	7.901196e-10	6.5843296e-11	0.990898	-2.070259e-17	0.56066424
1.782527441165446e-09	9.547279e-10	1.8106906e-10	0.990898	-2.070259e-17	0.56066424
1.7850455406987159e-09	4.2798143e-10	-1.975299e-10	0.990898	-2.070259e-17	0.56066424
1.7875142679900907e-09	8.5596286e-10	1.3168659e-10	0.990898	-2.070259e-17	0.5606641
1.790032363978698e-09	8.230412e-10	1.3168659e-10	0.990898	-2.070259e-17	0.56066424
1.7925011030614355e-09	3.950598e-10	3.292165e-10	0.990898	-2.070259e-17	0.56066436
1.795019193713711e-09	3.950598e-10	-6.5843296e-11	0.990898	-2.070259e-17	0.56066436
1.7975372996917494e-09	6.9135464e-10	-4.609031e-10	0.990898	-2.070259e-17	0.5606641
1.8000060166035159e-09	5.1028554e-10	-2.3045155e-10	0.990898	-2.070259e-17	0.56066424
1.8025241249979486e-09	8.230412e-10	-1.3168659e-10	0.9908981	-2.070259e-17	0.5606641
1.8050422232583562e-09	1.0864144e-09	2.6337318e-10	0.990898	-2.070259e-17	0.56066436
1.8075109473236137e-09	6.090505e-10	5.5966803e-10	0.990898	-2.070259e-17	0.56066453
1.8100290477826248e-09	4.2798143e-10	7.078154e-10	0.990898	-2.070259e-17	0.5606641
1.8125471516997602e-09	-1.3168659e-10	3.292165e-10	0.990898	-2.070259e-17	0.56066436
1.8150158645785038e-09	1.1522577e-10	-2.6337318e-10	0.9908981	-2.070259e-17	0.56066436
1.8175339799273874e-09	4.938247e-10	-3.950598e-10	0.990898	-2.070259e-17	0.5606641
1.8200027087408677e-09	7.7365875e-10	-6.5843296e-11	0.990898	-2.070259e-17	0.56066424
1.8225208063881573e-09	9.0534535e-10	3.2921648e-11	0.9908981	-2.070259e-17	0.5606641
1.8250389081614211e-09	8.5596286e-10	1.3168659e-10	0.990898	-2.070259e-17	0.56066424
1.8275076256709052e-09	5.5966803e-10	-6.5843296e-11	0.990898	-2.070259e-17	0.56066436
1.8300257251800466e-09	8.5596286e-10	-1.975299e-10	0.990898	-2.070259e-17	0.56066436
1.8325438380539717e-09	6.090505e-10	3.950598e-10	0.990898	-2.070259e-17	0.56066424
1.8350125624549214e-09	4.609031e-10	-1.975299e-10	0.990898	-2.070259e-17	0.56066436
1.837530661753333e-09	8.888845e-10	0	0.990898	-2.070259e-17	0.56066424
1.840048757876751e-09	9.0534535e-10	1.3168659e-10	0.990898	-2.070259e-17	0.56066436
1.8425174830220133e-09	6.4197214e-10	3.950598e-10	0.990898	-2.070259e-17	0.56066436
1.8450355859460489e-09	2.6337318e-10	5.2674637e-10	0.9908981	-2.070259e-17	0.56066436
1.8475043163172741e-09	6.5843296e-11	5.925897e-10	0.990898	-2.070259e-17	0.56066436
1.850022419760044e-09	1.6460824e-11	-1.975299e-10	0.990898	-2.070259e-17	0.56066436
1.852540519854749e-09	3.1275565e-10	-2.9629485e-10	0.990898	-2.070259e-17	0.56066424
1.8550092472171623e-09	2.9629485e-10	-1.6460824e-10	0.990898	-2.070259e-17	0.56066453
1.8575273509425484e-09	6.9135464e-10	-1.3168659e-10	0.990898	-2.070259e-17	0.56066436
1.8600454484378086e-09	6.9135464e-10	-1.3168659e-10	0.990898	-2.070259e-17	0.56066424
1.8625141676247471e-09	6.4197214e-10	5.2674637e-10	0.990898	-2.070259e-17	0.56066424
1.8650322729086823e-09	3.6213813e-10	3.950598e-10	0.990898	-2.070259e-17	0.56066424
1.8675010064994057e-09	4.609031e-10	-9.876495e-11	0.990898	-2.070259e-17	0.56066436
1.870019104331655e-09	5.5966803e-10	-6.5843296e-11	0.990898	-2.070259e-17	0.56066424
1.8725372009470153e-09	6.255113e-10	1.6460824e-11	0.990898	-2.070259e-17	0.56066436
1.875005928503414e-09	4.2798143e-10	1.3168659e-10	0.990898	-2.070259e-17	0.56066453
1.8775240199541486e-09	6.58433e-10	-6.5843296e-11	0.990898	-2.070259e-17	0.56066436
1.8800421263268865e-09	8.5596286e-10	0	0.990898	-2.070259e-17	0.5606641
1.882510851084023e-09	9.218062e-10	2.6337318e-10	0.990898	-2.070259e-17	0.56066424
1.8850289564056905e-09	7.2427625e-10	4.609031e-10	0.990898	-2.070259e-17	0.56066424
1.887547053134073e-09	5.2674637e-10	6.5843296e-11	0.990898	-2.070259e-17	0.56066424
1.890015779527287e-09	3.292165e-10	2.9629485e-10	0.9908981	-2.070259e-17	0.56066424
1.892533885885199e-09	7.901196e-10	-9.876495e-11	0.990898	-2.070259e-17	0.56066424
1.895002606069631e-09	6.748938e-10	-1.3168659e-10	0.990898	-2.070259e-17	0.56066424
1.8975207103140788e-09	6.748938e-10	7.571979e-10	0.990898	-2.070259e-17	0.56066453
1.9000387999707083e-09	4.938247e-10	2.3045155e-10	0.9908981	-2.070259e-17	0.56066424
1.9025075270734584e-09	2.6337318e-10	1.975299e-10	0.990898	-2.070259e-17	0.56066453
1.9050256264495573e-09	2.6337318e-10	1.3168659e-10	0.990898	-2.070259e-17	0.56066453
1.9075437300337122e-09	5.2674637e-10	3.4567732e-10	0.990898	-2.070259e-17	0.5606641
1.910012458487469e-09	3.2921648e-11	4.609031e-10	0.990898	-2.070259e-17	0.56066424
1.9125305604600864e-09	3.292165e-10	-1.975299e-10	0.990898	-2.070259e-17	0.56066453
1.9150486531996065e-09	6.58433e-10	-2.1399071e-10	0.990898	-2.070259e-17	0.56066424
1.9175173817173557e-09	7.571979e-10	6.58433e-10	0.990898	-2.070259e-17	0.56066424
1.9200354767491484e-09	2.9629485e-10	5.2674637e-10	0.990898	-2.070259e-17	0.56066436
1.9225042021672252e-09	6.090505e-10	1.3168659e-10	0.990898	-2.070259e-17	0.56066436
1.9250223097290973e-09	5.2674637e-10	6.5843296e-11	0.990898	-2.070259e-17	0.56066424
1.9275404088084216e-09	6.9135464e-10	3.6213813e-10	0.9908981	-2.070259e-17	0.56066436
1.930009126690866e-09	8.230412e-10	1.3168659e-10	0.990898	-2.070259e-17	0.56066436
1.9325272325857894e-09	7.7365875e-10	3.950598e-10	0.990898	-2.070259e-17	0.56066436
1.9350453330960667e-09	3.6213813e-10	3.292165e-10	0.990898	-2.070259e-17	0.56066436
1.9375140572321033e-09	2.1399071e-10	2.6337318e-10	0.9908981	-2.070259e-17	0.56066436
1.9400321580857817e-09	6.9135464e-10	0	0.990898	-2.070259e-17	0.5606641
1.9425008844127323e-09	5.2674637e-10	1.3168659e-10	0.990898	-2.070259e-17	0.56066436
1.9450189788914547e-09	7.571979e-10	1.3168659e-10	0.990898	-2.070259e-17	0.560664
1.947537085800771e-09	5.5966803e-10	0	0.990898	-2.070259e-17	0.56066424
1.9500058115903305e-09	5.7612887e-10	2.3045155e-10	0.990898	-2.070259e-17	0.56066424
1.9525239126514973e-09	7.7365875e-10	4.609031e-10	0.990898	-2.070259e-17	0.56066424
1.9550420135767575e-09	9.876495e-11	6.5843296e-11	0.990898	-2.070259e-17	0.5606641
1.957510736099313e-09	3.292165e-10	2.3045155e-10	0.9908981	-2.070259e-17	0.56066436
1.960028836394386e-09	5.5966803e-10	6.5843296e-11	0.990898	-2.070259e-17	0.56066436
1.962546938143117e-09	7.2427625e-10	0	0.990898	-2.070259e-17	0.56066436
1.9650156541873497e-09	8.888845e-10	0	0.990898	-2.070259e-17	0.5606646
1.9675337681968486e-09	5.1028554e-10	7.901196e-10	0.990898	-2.070259e-17	0.56066424
1.970002493654551e-09	4.773639e-10	3.292165e-10	0.990898	-2.070259e-17	0.56066424
1.97252059144027e-09	6.255113e-10	-1.975299e-10	0.990898	-2.070259e-17	0.56066453
1.9750386919711333e-09	6.255113e-10	-2.6337318e-10	0.990898	-2.070259e-17	0.56066436
1.9775074234197477e-09	7.901196e-10	2.9629485e-10	0.990898	-2.070259e-17	0.56066436
1.980025515572972e-09	9.876494e-10	2.9629485e-10	0.990898	-2.070259e-17	0.56066436
1.982543620644221e-09	2.4691235e-10	3.292165e-10	0.990898	-2.070259e-17	0.56066424
1.985012339068916e-09	2.6337318e-10	6.5843296e-11	0.9908981	-2.070259e-17	0.56066424
1.987530449954325e-09	5.2674637e-10	0	0.990898	-2.070259e-17	0.56066436
1.9900485477875203e-09	4.938247e-10	3.292165e-10	0.990898	-2.070259e-17	0.56066436
1.992517275983259e-09	5.2674637e-10	1.3168659e-10	0.990898	-2.070259e-17	0.56066424
1.995035362580508e-09	5.5966803e-10	3.950598e-10	0.990898	-2.070259e-17	0.56066424
1.9975040895317206e-09	6.9135464e-10	-6.5843296e-11	0.990898	-2.070259e-17	0.56066436
2.0000221855281925e-09	6.9135464e-10	1.3168659e-10	0.990898	-2.070259e-17	0.56066424
2.0025402924398584e-09	4.609031e-10	6.58433e-10	0.990898	-2.070259e-17	0.56066453
2.005009016889863e-09	3.4567732e-10	3.292165e-10	0.990898	-2.070259e-17	0.56066453
2.007527115830256e-09	2.6337318e-10	1.3168659e-10	0.990898	-2.070259e-17	0.5606641
2.0100452142313507e-09	5.925897e-10	0	0.990898	-2.070259e-17	0.56066424
2.0125139490102297e-09	5.925897e-10	6.5843296e-11	0.990898	-2.070259e-17	0.56066453
2.0150320459401596e-09	3.950598e-10	2.6337318e-10	0.990898	-2.070259e-17	0.56066424
2.0175007683689632e-09	5.1028554e-10	0	0.990898	-2.070259e-17	0.56066424
2.0200188620801894e-09	7.571979e-10	6.5843296e-11	0.990898	-2.070259e-17	0.56066424
2.022536969661038e-09	3.4567732e-10	-6.5843296e-11	0.9908981	-2.070259e-17	0.56066436
2.0250056909199918e-09	4.938247e-10	0	0.990898	-2.070259e-17	0.56066436
2.0275237848788865e-09	8.888845e-10	-1.975299e-10	0.990898	-2.070259e-17	0.56066436
2.030041894314389e-09	7.901196e-10	6.5843296e-11	0.990898	-2.070259e-17	0.56066436
2.032510613456796e-09	6.9135464e-10	4.609031e-10	0.990898	-2.070259e-17	0.56066436
2.03502871275151e-09	3.950598e-10	-6.5843296e-11	0.990898	-2.070259e-17	0.56066424
2.037546809919648e-09	8.39502e-10	6.5843296e-11	0.9908981	-2.070259e-17	0.56066424
2.04001554468004e-09	5.2674637e-10	2.6337318e-10	0.990898	-2.070259e-17	0.56066436
2.042533636131796e-09	6.090505e-10	5.2674637e-10	0.990898	-2.070259e-17	0.5606641
2.045002363892422e-09	6.255113e-10	3.292165e-10	0.990898	-2.070259e-17	0.56066436
2.0475204699466177e-09	4.2798143e-10	1.975299e-10	0.990898	-2.070259e-17	0.56066424
2.0500385717350148e-09	1.6460824e-10	-6.5843296e-11	0.990898	-2.070259e-17	0.56066424
2.0525073007523108e-09	4.2798143e-10	0	0.990898	-2.070259e-17	0.5606641
2.0550253973359166e-09	3.6213813e-10	0	0.990898	-2.070259e-17	0.56066453
2.057543498694007e-09	8.5596286e-10	0	0.990898	-2.070259e-17	0.56066424
2.060012222457654e-09	7.571979e-10	4.609031e-10	0.990898	-2.070259e-17	0.56066424
2.0625303182376777e-09	5.1028554e-10	2.6337318e-10	0.990898	-2.070259e-17	0.56066436
2.0650484179051887e-09	5.925897e-10	-6.5843296e-11	0.990898	-2.070259e-17	0.5606641
2.067517143927481e-09	8.065804e-10	3.292165e-10	0.990898	-2.070259e-17	0.56066436
2.0700352512541255e-09	1.6460824e-10	2.6337318e-10	0.990898	-2.070259e-17	0.56066436
2.072503966721544e-09	5.5966803e-10	1.975299e-10	0.990898	-2.070259e-17	0.56066436
2.0750220706326253e-09	5.1028554e-10	-1.3168659e-10	0.990898	-2.070259e-17	0.56066436
2.0775401748155945e-09	5.925897e-10	0	0.990898	-2.070259e-17	0.56066436
2.0800088931561212e-09	3.292165e-10	1.4814742e-10	0.990898	-2.070259e-17	0.56066436
2.0825269927922514e-09	7.901196e-10	-3.2921648e-11	0.9908981	-2.070259e-17	0.56066424
2.085045097614713e-09	7.2427625e-10	2.6337318e-10	0.990898	-2.070259e-17	0.56066436
2.087513822287438e-09	4.938247e-10	3.7859896e-10	0.990898	-2.070259e-17	0.56066453
2.0900319118405266e-09	5.2674637e-10	1.975299e-10	0.9908981	-2.070259e-17	0.56066424
2.092500641299086e-09	7.571979e-10	0	0.9908981	-2.070259e-17	0.56066424
2.095018739741218e-09	6.255113e-10	5.2674637e-10	0.990898	-2.070259e-17	0.56066424
2.0975368416289856e-09	2.9629485e-10	-1.6460824e-10	0.990898	-2.070259e-17	0.56066436
2.1000055718782505e-09	1.4814742e-10	-6.58433e-10	0.9908981	-2.070259e-17	0.5606641
2.102523661955012e-09	8.5596286e-10	-1.3168659e-10	0.990898	-2.070259e-17	0.56066424
2.1050417680828735e-09	1.0864144e-09	0	0.990898	-2.070259e-17	0.56066424
2.1075104944490495e-09	8.230412e-10	1.3168659e-10	0.990898	-2.070259e-17	0.5606646
2.1100285935395854e-09	7.078154e-10	5.2674637e-10	0.990898	-2.070259e-17	0.56066424
2.1125466913590384e-09	5.5966803e-10	2.6337318e-10	0.990898	-2.070259e-17	0.56066424
2.115015413974151e-09	1.6460824e-10	1.975299e-10	0.990898	-2.070259e-17	0.5606641
2.117533517452473e-09	3.6213813e-10	3.292165e-10	0.990898	-2.070259e-17	0.56066436
2.120002241392819e-09	1.3168659e-10	0	0.990898	-2.070259e-17	0.56066424
2.1225203370463404e-09	8.5596286e-10	-4.609031e-10	0.990898	-2.070259e-17	0.56066424
2.125038432302767e-09	8.5596286e-10	1.975299e-10	0.990898	-2.070259e-17	0.56066424
2.127507158371498e-09	8.230412e-11	5.2674637e-10	0.990898	-2.070259e-17	0.56066424
2.1300252626897824e-09	5.2674637e-10	1.975299e-10	0.990898	-2.070259e-17	0.56066424
2.13254336462369e-09	3.950598e-10	-1.975299e-10	0.990898	-2.070259e-17	0.56066424
2.135012087135403e-09	5.925897e-10	1.3168659e-10	0.990898	-2.070259e-17	0.56066424
2.1375301909457656e-09	8.5596286e-10	-6.5843296e-11	0.990898	-2.070259e-17	0.56066424
2.140048292974314e-09	7.901196e-10	9.876495e-11	0.9908981	-2.070259e-17	0.56066436
2.1425170132306782e-09	5.432072e-10	3.292165e-10	0.990898	-2.070259e-17	0.56066436
2.1450351093683775e-09	4.938247e-10	2.6337318e-10	0.990898	-2.070259e-17	0.56066436
2.147503835344188e-09	3.950598e-10	2.6337318e-10	0.990898	-2.070259e-17	0.56066436
2.1500219400860495e-09	3.6213813e-10	1.975299e-10	0.990898	-2.070259e-17	0.56066436
2.15254003585924e-09	3.950598e-10	1.975299e-10	0.990898	-2.070259e-17	0.56066436
2.155008768535677e-09	1.975299e-10	2.6337318e-10	0.990898	-2.070259e-17	0.5606646
2.157526862660331e-09	0	0	0.9908981	-2.070259e-17	0.56066436
2.1600449634803476e-09	2.3045155e-10	-2.3045155e-10	0.990898	-2.070259e-17	0.56066424
2.1625136936762366e-09	5.5966803e-10	-1.975299e-10	0.990898	-2.070259e-17	0.56066436
2.165031792762476e-09	6.58433e-10	0	0.990898	-2.070259e-17	0.56066424
2.167500520710426e-09	6.58433e-10	3.292165e-10	0.990898	-2.070259e-17	0.56066436
2.1700186080683237e-09	3.292165e-10	2.9629485e-10	0.990898	-2.070259e-17	0.56066424
2.1725367121620674e-09	3.4567732e-10	0	0.9908981	-2.070259e-17	0.56066436
2.175005434302134e-09	5.5966803e-10	0	0.990898	-2.070259e-17	0.56066453
2.1775235382827555e-09	8.5596286e-10	3.292165e-10	0.990898	-2.070259e-17	0.5606641
2.180041641883598e-09	2.6337318e-10	1.975299e-10	0.990898	-2.070259e-17	0.56066436
2.182510369070275e-09	6.255113e-10	1.3168659e-10	0.9908981	-2.070259e-17	0.56066436
2.1850284705325056e-09	3.950598e-10	1.975299e-10	0.990898	-2.070259e-17	0.56066424
2.1875465656834574e-09	6.58433e-10	0	0.990898	-2.070259e-17	0.56066453
2.1900152898203274e-09	9.547279e-10	3.292165e-10	0.990898	-2.0702592e-17	0.56066424
2.1925333906980222e-09	7.901196e-10	3.292165e-10	0.990898	-2.070259e-17	0.56066424
2.195002108017034e-09	3.950598e-10	4.2798143e-10	0.990898	-2.070259e-17	0.56066424
2.1975202151186594e-09	-1.6460824e-10	8.230412e-11	0.990898	-2.070259e-17	0.5606641
2.200038309504141e-09	3.4567732e-10	-1.3168659e-10	0.990898	-2.070259e-17	0.56066424
2.2025070329545066e-09	5.1028554e-10	-3.950598e-10	0.990898	-2.070259e-17	0.56066424
2.2050251327448688e-09	9.547279e-10	-2.6337318e-10	0.990898	-2.070259e-17	0.56066424
2.2075432359702506e-09	7.571979e-10	0	0.9908981	-2.070259e-17	0.56066436
2.2100119523405672e-09	7.078154e-10	1.975299e-10	0.990898	-2.070259e-17	0.5606646
2.2125300562291105e-09	4.773639e-10	3.292165e-10	0.990898	-2.070259e-17	0.56066436
2.215048158453514e-09	3.292165e-10	6.5843296e-11	0.990898	-2.070259e-17	0.56066424
2.2175168825652117e-09	6.255113e-10	2.6337318e-10	0.990898	-2.070259e-17	0.56066453
2.220034980240197e-09	1.3168659e-10	3.950598e-10	0.9908981	-2.070259e-17	0.56066436
2.2225037077978933e-09	1.3168659e-10	-2.6337318e-10	0.990898	-2.070259e-17	0.5606641
2.2250218074325586e-09	7.2427625e-10	0	0.990898	-2.070259e-17	0.56066424
2.227539906365494e-09	7.571979e-10	0	0.990898	-2.070259e-17	0.56066424
2.23000863355008e-09	8.888845e-10	1.3168659e-10	0.990898	-2.070259e-17	0.56066424
2.232526733904386e-09	5.925897e-10	5.2674637e-10	0.990898	-2.070259e-17	0.56066453
2.2350448268377154e-09	3.292165e-10	3.950598e-10	0.990898	-2.070259e-17	0.56066436
2.2375135546941933e-09	4.2798143e-10	4.609031e-10	0.990898	-2.070259e-17	0.56066424
2.2400316490445856e-09	3.1275565e-10	-6.5843296e-11	0.990898	-2.070259e-17	0.56066424
2.2425003722545348e-09	6.255113e-10	-1.975299e-10	0.990898	-2.070259e-17	0.56066453
2.245018477642635e-09	6.748938e-10	-2.1399071e-10	0.990898	-2.070259e-17	0.56066436
2.2475365758276778e-09	6.9135464e-10	-2.1399071e-10	0.990898	-2.070259e-17	0.5606641
2.2500052975482134e-09	1.3333268e-09	0	0.990898	-2.070259e-17	0.56066424
2.252523390864832e-09	1.1357969e-09	5.2674637e-10	0.990898	-2.070259e-17	0.56066453
2.2550414995079634e-09	4.2798143e-10	6.9135464e-10	0.990898	-2.070259e-17	0.56066424
2.2575102200607388e-09	6.5843296e-11	3.292165e-10	0.990898	-2.070259e-17	0.56066436
2.260028322797704e-09	-2.9629485e-10	3.950598e-10	0.990898	-2.070259e-17	0.56066424
2.26254641611933e-09	-1.3168659e-10	-6.5843296e-11	0.990898	-2.070259e-17	0.56066424
2.2650151461124528e-09	2.6337318e-10	-3.292165e-10	0.990898	-2.070259e-17	0.56066424
2.2675332421027207e-09	4.609031e-10	-2.6337318e-10	0.990898	-2.070259e-17	0.56066424
2.2700019701705255e-09	5.5966803e-10	1.3168659e-10	0.990898	-2.070259e-17	0.5606646
2.272520072674105e-09	8.230412e-10	2.6337318e-10	0.990898	-2.070259e-17	0.56066453
2.2750381721389653e-09	5.925897e-10	3.292165e-10	0.9908981	-2.070259e-17	0.56066453
2.2775069000183433e-09	3.6213813e-10	1.975299e-10	0.990898	-2.070259e-17	0.56066453
2.2800249936202997e-09	6.58433e-10	4.609031e-10	0.9908981	-2.070259e-17	0.56066453
2.282543093588443e-09	2.3045155e-10	-1.975299e-10	0.990898	-2.070259e-17	0.56066424
2.285011823709455e-09	4.773639e-10	6.5843296e-11	0.990898	-2.070259e-17	0.56066424
2.287529921014893e-09	1.975299e-10	1.3168659e-10	0.9908981	-2.070259e-17	0.56066436
2.2900480170859447e-09	1.6460824e-10	-3.950598e-10	0.990898	-2.070259e-17	0.56066436
2.2925167536260505e-09	5.925897e-10	0	0.990898	-2.070259e-17	0.56066453
2.295034842184529e-09	5.925897e-10	1.975299e-10	0.990898	-2.070259e-17	0.56066424
2.297503567191387e-09	5.2674637e-10	3.950598e-10	0.990898	-2.070259e-17	0.56066453
2.300021664838777e-09	1.4814742e-10	1.975299e-10	0.990898	-2.070259e-17	0.56066453
2.3025397712414953e-09	1.3168659e-10	-1.3168659e-10	0.990898	-2.070259e-17	0.56066453
2.3050084944962798e-09	1.975299e-10	-2.9629485e-10	0.990898	-2.070259e-17	0.5606646
2.307526590139357e-09	3.7859896e-10	1.3168659e-10	0.990898	-2.070259e-17	0.5606641
2.3100446890368057e-09	-2.3045155e-10	-1.3168659e-10	0.990898	-2.070259e-17	0.56066453
2.312513414776506e-09	1.6460824e-10	-5.2674637e-10	0.9908981	-2.070259e-17	0.56066436
2.3150315160637727e-09	9.876494e-10	-4.2798143e-10	0.990898	-2.070259e-17	0.5606641
2.317500238720924e-09	1.1851794e-09	1.975299e-10	0.990898	-2.070259e-17	0.56066436
2.3200183391663546e-09	9.38267e-10	6.090505e-10	0.990898	-2.070259e-17	0.56066453
2.3225364479567988e-09	2.9629485e-10	5.925897e-10	0.990898	-2.070259e-17	0.56066453
2.3250051656015434e-09	2.4691235e-10	2.6337318e-10	0.990898	-2.070259e-17	0.56066453
2.3275232587577177e-09	9.876495e-11	-3.292165e-10	0.990898	-2.070259e-17	0.56066436
2.3300413616428483e-09	3.950598e-10	-6.5843296e-11	0.990898	-2.070259e-17	0.56066436
2.332510088012928e-09	1.0041102e-09	-3.950598e-10	0.990898	-2.070259e-17	0.56066453
2.3350281871115485e-09	1.5802392e-09	-2.1399071e-10	0.990898	-2.070259e-17	0.56066453
2.3375462868781607e-09	1.4156308e-09	7.2427625e-10	0.990898	-2.070259e-17	0.5606646
2.340015017772416e-09	9.218062e-10	8.5596286e-10	0.990898	-2.070259e-17	0.5606646
2.3425331204972137e-09	6.255113e-10	7.571979e-10	0.990898	-2.070259e-17	0.56066424
2.3450018328039985e-09	5.1028554e-10	3.950598e-10	0.990898	-2.070259e-17	0.5606646
2.347519934897559e-09	2.6337318e-10	6.5843296e-11	0.990898	-2.070259e-17	0.56066436
2.3500380303252875e-09	2.3045155e-10	-2.6337318e-10	0.990898	-2.070259e-17	0.56066436
2.352506763503729e-09	8.230412e-10	-1.975299e-10	0.990898	-2.070259e-17	0.5606646
2.35502485395012e-09	1.218101e-09	-1.3168659e-10	0.9908981	-2.070259e-17	0.5606646
2.3575429617207843e-09	5.925897e-10	2.6337318e-10	0.990898	-2.070259e-17	0.56066453
2.360011677307141e-09	9.876495e-11	3.950598e-10	0.990898	-2.070259e-17	0.56066436
2.3625297817281837e-09	2.6337318e-10	3.292165e-10	0.990898	-2.070259e-17	0.56066453
2.3650478843089045e-09	4.609031e-10	-6.5843296e-11	0.990898	-2.070259e-17	0.56066436
2.367516605126728e-09	2.6337318e-10	1.3168659e-10	0.990898	-2.070259e-17	0.5606646
2.3700347055253433e-09	2.7983402e-10	6.5843296e-11	0.990898	-2.070259e-17	0.56066453
2.372503430588256e-09	2.3045155e-10	-2.6337318e-10	0.990898	-2.070259e-17	0.56066453
2.3750215285350333e-09	2.7983402e-10	-5.925897e-10	0.990898	-2.070259e-17	0.56066453
2.3775396271829e-09	1.1522577e-09	-2.6337318e-10	0.990898	-2.070259e-17	0.56066453
2.3800083577500026e-09	1.1193361e-09	0	0.9908981	-2.070259e-17	0.56066453
2.38252645885892e-09	1.2510226e-09	4.609031e-10	0.990898	-2.070259e-17	0.5606646
2.385044551823493e-09	4.2798143e-10	7.2427625e-10	0.990898	-2.070259e-17	0.5606646
2.3875132719338453e-09	-3.2921648e-11	2.6337318e-10	0.9908981	-2.070259e-17	0.56066453
2.3900313731880037e-09	1.3168659e-10	1.3168659e-10	0.990898	-2.070259e-17	0.5606646
2.3925000974655064e-09	1.975299e-10	-1.975299e-10	0.990898	-2.070259e-17	0.56066453
2.3950181931419515e-09	7.7365875e-10	-1.975299e-10	0.990898	-2.070259e-17	0.56066453
2.3975362970664917e-09	9.547279e-10	-1.975299e-10	0.990898	-2.070259e-17	0.56066436
2.400005020104198e-09	8.230412e-10	3.292165e-10	0.990898	-2.070259e-17	0.5606646
2.402523124084384e-09	7.901196e-10	0	0.990898	-2.070259e-17	0.5606646
2.4050412268418547e-09	2.3045155e-10	1.975299e-10	0.9908981	-2.070259e-17	0.56066424
2.407509949128385e-09	3.950598e-10	6.5843296e-11	0.990898	-2.070259e-17	0.56066436
2.410028045710979e-09	6.255113e-10	6.5843296e-11	0.990898	-2.070259e-17	0.56066436
2.4125461449929714e-09	6.9135464e-10	0	0.990898	-2.070259e-17	0.56066453
2.4150148680752234e-09	5.5966803e-10	-3.6213813e-10	0.990898	-2.070259e-17	0.56066453
2.417532970451974e-09	6.58433e-10	-6.5843296e-11	0.990898	-2.070259e-17	0.56066453
2.420001693034323e-09	8.888845e-10	1.975299e-10	0.9908981	-2.070259e-17	0.5606646
2.42251979381293e-09	7.901196e-10	2.6337318e-10	0.990898	-2.070259e-17	0.56066436
2.4250378853219413e-09	2.7983402e-10	4.609031e-10	0.990898	-2.070259e-17	0.56066453
2.4275066089781003e-09	4.2798143e-10	1.975299e-10	0.990898	-2.070259e-17	0.5606646
2.430024715645216e-09	3.6213813e-10	0	0.990898	-2.070259e-17	0.5606646
2.4325428091412557e-09	8.5596286e-10	0	0.990898	-2.070259e-17	0.56066453
2.4350115393863144e-09	7.901196e-10	6.5843296e-11	0.990898	-2.070259e-17	0.5606647
2.4375296416078956e-09	8.5596286e-10	-2.6337318e-10	0.990898	-2.070259e-17	0.56066453
2.4400477329808873e-09	9.218062e-10	3.292165e-10	0.990898	-2.070259e-17	0.5606646
2.442516458820482e-09	6.58433e-10	6.58433e-10	0.990898	-2.070259e-17	0.56066453
2.445034568147165e-09	6.5843296e-11	6.58433e-10	0.990898	-2.070259e-17	0.5606646
2.447503290846866e-09	3.2921648e-11	1.975299e-10	0.9908981	-2.070259e-17	0.56066436
2.4500213831599223e-09	5.925897e-10	-3.6213813e-10	0.990898	-2.070259e-17	0.5606646
2.4525394907928488e-09	6.4197214e-10	-3.950598e-10	0.990898	-2.070259e-17	0.56066436
2.4550082072043883e-09	7.2427625e-10	-1.3168659e-10	0.990898	-2.070259e-17	0.56066453
2.4575263094577763e-09	7.901196e-10	1.975299e-10	0.990898	-2.070259e-17	0.5606646
2.460044411651953e-09	6.58433e-10	1.975299e-10	0.9908981	-2.070259e-17	0.56066436
2.462513131448575e-09	4.609031e-10	1.975299e-10	0.990898	-2.070259e-17	0.5606647
2.4650312315042933e-09	1.975299e-10	1.975299e-10	0.990898	-2.070259e-17	0.5606646
2.4675493282494723e-09	-1.3168659e-10	-1.975299e-10	0.990898	-2.070259e-17	0.5606646
2.4700180588982283e-09	2.1399071e-10	-3.950598e-10	0.990898	-2.070259e-17	0.56066453
2.472536155579123e-09	6.58433e-10	-3.950598e-10	0.990898	-2.070259e-17	0.56066436
2.4750048826713786e-09	7.407371e-10	0	0.9908981	-2.070259e-17	0.56066453
2.477522981207183e-09	9.547279e-10	0	0.990898	-2.070259e-17	0.5606646
2.4800410752428007e-09	9.218062e-10	2.6337318e-10	0.990898	-2.070259e-17	0.56066453
2.4825098030508033e-09	7.7365875e-10	4.9382474e-11	0.9908981	-2.070259e-17	0.5606646
2.485027901071008e-09	3.6213813e-10	-4.9382474e-11	0.990898	-2.070259e-17	0.5606646
2.4875459958959472e-09	5.5966803e-10	1.975299e-10	0.990898	-2.070259e-17	0.56066436
2.490014725886027e-09	7.078154e-10	2.6337318e-10	0.990898	-2.070259e-17	0.5606646
2.492532824004734e-09	2.1399071e-10	1.975299e-10	0.990898	-2.070259e-17	0.5606646
2.495001553553547e-09	4.609031e-10	2.6337318e-10	0.990898	-2.070259e-17	0.5606646
2.497519647874858e-09	1.8106906e-10	1.3168659e-10	0.990898	-2.070259e-17	0.5606646
2.500037748193107e-09	2.6337318e-10	-6.5843296e-11	0.990898	-2.070259e-17	0.5606646
2.5025064755439345e-09	5.5966803e-10	0	0.990898	-2.070259e-17	0.56066436
2.5050245688501768e-09	6.58433e-10	3.950598e-10	0.9908981	-2.070259e-17	0.56066453
2.5075426670016464e-09	8.230412e-11	2.6337318e-10	0.990898	-2.070259e-17	0.5606646
2.5100113965410493e-09	-3.2921648e-11	1.3168659e-10	0.990898	-2.070259e-17	0.5606646
2.5125294988350357e-09	5.432072e-10	0	0.990898	-2.070259e-17	0.56066453
2.51504759429455e-09	7.571979e-10	-1.3168659e-10	0.990898	-2.070259e-17	0.56066436
2.517516323089854e-09	6.255113e-10	-2.6337318e-10	0.990898	-2.070259e-17	0.5606647
2.5200344245608992e-09	5.5966803e-10	2.6337318e-10	0.990898	-2.070259e-17	0.56066453
2.522503138421375e-09	4.773639e-10	3.950598e-10	0.990898	-2.070259e-17	0.56066436
2.5250212393330573e-09	5.5966803e-10	1.975299e-10	0.990898	-2.070259e-17	0.5606647
2.52753934077513e-09	5.5966803e-10	1.3168659e-10	0.990898	-2.070259e-17	0.56066453
2.530008060716366e-09	9.876494e-10	3.292165e-10	0.9908981	-2.070259e-17	0.5606646
2.5325261609485334e-09	6.58433e-10	2.6337318e-10	0.990898	-2.070259e-17	0.5606646
2.535044268031766e-09	3.6213813e-10	3.292165e-10	0.990898	-2.070259e-17	0.56066453
2.5375129937398826e-09	1.6460824e-11	6.5843296e-11	0.990898	-2.070259e-17	0.5606647
2.540031090316704e-09	5.2674637e-10	-6.5843296e-11	0.990898	-2.070259e-17	0.5606646
2.5425491832009236e-09	9.38267e-10	-1.975299e-10	0.990898	-2.070259e-17	0.56066436
2.5450179157152084e-09	1.2839443e-09	-1.3168659e-10	0.9908981	-2.070259e-17	0.5606646
2.5475360140754675e-09	8.230412e-10	6.58433e-10	0.990898	-2.070259e-17	0.56066453
2.5500047313138253e-09	1.975299e-10	5.2674637e-10	0.990898	-2.070259e-17	0.5606646
2.5525228375615853e-09	2.3045155e-10	3.950598e-10	0.990898	-2.070259e-17	0.56066436
2.5550409331136564e-09	3.950598e-10	2.7983402e-10	0.990898	-2.070259e-17	0.56066436
2.557509652281683e-09	-8.230412e-11	-1.3168659e-10	0.990898	-2.070259e-17	0.56066436
2.5600277673537893e-09	3.6213813e-10	-5.925897e-10	0.990898	-2.070259e-17	0.56066453
2.5625458556950466e-09	4.2798143e-10	-2.6337318e-10	0.9908981	-2.070259e-17	0.56066436
2.565014588998671e-09	9.876494e-10	-6.9135464e-10	0.990898	-2.070259e-17	0.56066436
2.567532694634617e-09	1.0864144e-09	3.292165e-10	0.990898	-2.070259e-17	0.56066453
2.57000141344573e-09	8.888845e-10	7.2427625e-10	0.9908981	-2.070259e-17	0.56066436
2.57251950472835e-09	4.2798143e-10	5.2674637e-10	0.990898	-2.070259e-17	0.5606646
2.5750376066786363e-09	2.3045155e-10	1.3168659e-10	0.990898	-2.070259e-17	0.5606646
2.577506331306707e-09	1.3168659e-10	-6.5843296e-11	0.990898	-2.070259e-17	0.56066436
2.5800244286670833e-09	3.1275565e-10	1.1522577e-10	0.990898	-2.070259e-17	0.56066453
2.5825425355507607e-09	5.2674637e-10	-1.8106906e-10	0.9908981	-2.070259e-17	0.56066436
2.5850112588228275e-09	6.58433e-10	1.975299e-10	0.990898	-2.070259e-17	0.56066453
2.587529350787137e-09	6.748938e-10	1.3168659e-10	0.990898	-2.070259e-17	0.5606646
2.5900474562898224e-09	5.925897e-10	2.3045155e-10	0.990898	-2.070259e-17	0.56066436
2.5925161805048908e-09	2.3045155e-10	6.5843296e-11	0.990898	-2.070259e-17	0.5606646
2.5950342839178747e-09	5.1028554e-10	4.773639e-10	0.990898	-2.070259e-17	0.56066453
2.5975030095805224e-09	3.2921648e-11	3.950598e-10	0.9908981	-2.070259e-17	0.5606646
2.60002110821595e-09	2.9629485e-10	6.5843296e-11	0.990898	-2.070259e-17	0.5606646
2.6025392033523766e-09	3.292165e-10	-1.3168659e-10	0.990898	-2.070259e-17	0.56066453
2.6050079258822883e-09	5.2674637e-10	-1.3168659e-10	0.9908981	-2.070259e-17	0.56066436
2.6075260215304236e-09	5.5966803e-10	-2.9629485e-10	0.990898	-2.070259e-17	0.5606647
2.6100441114784196e-09	8.230412e-10	-3.292165e-10	0.990898	-2.070259e-17	0.56066436
2.6125128467426564e-09	7.571979e-10	-2.1399071e-10	0.990898	-2.070259e-17	0.56066453
2.6150309518655372e-09	3.4567732e-10	1.975299e-10	0.990898	-2.070259e-17	0.5606646
2.61754904982057e-09	4.609031e-10	6.5843296e-11	0.990898	-2.070259e-17	0.5606646
2.6200177762413627e-09	5.5966803e-10	1.3168659e-10	0.990898	-2.070259e-17	0.56066453
2.6225358689742377e-09	5.432072e-10	-1.3168659e-10	0.990898	-2.070259e-17	0.5606646
2.625004599259218e-09	7.407371e-10	1.975299e-10	0.990898	-2.070259e-17	0.56066483
2.627522709633047e-09	6.9135464e-10	1.975299e-10	0.990898	-2.070259e-17	0.5606646
2.630040802986429e-09	4.938247e-10	3.950598e-10	0.990898	-2.070259e-17	0.56066453
2.6325095269160604e-09	1.975299e-10	0	0.990898	-2.070259e-17	0.5606646
2.63502762305003e-09	6.748938e-10	-6.5843296e-11	0.990898	-2.070259e-17	0.5606647
2.637545723783887e-09	4.2798143e-10	2.6337318e-10	0.990898	-2.070259e-17	0.5606646
2.6400144409338933e-09	1.8106906e-10	-6.5843296e-11	0.990898	-2.070259e-17	0.56066453
2.6425325437471572e-09	6.090505e-10	-1.975299e-10	0.990898	-2.070259e-17	0.5606646
2.645001263138559e-09	1.1193361e-09	-1.4814742e-10	0.990898	-2.070259e-17	0.56066436
2.6475193645320606e-09	7.901196e-10	3.292165e-10	0.990898	-2.070259e-17	0.56066453
2.6500374604935935e-09	2.9629485e-10	4.609031e-10	0.990898	-2.070259e-17	0.5606646
2.6525061898710808e-09	-3.2921648e-11	2.6337318e-10	0.990898	-2.070259e-17	0.56066453
2.6550242910100492e-09	5.432072e-10	-6.5843296e-11	0.990898	-2.070259e-17	0.56066453
2.6575423887735554e-09	5.5966803e-10	2.9629485e-10	0.990898	-2.070259e-17	0.56066453
2.66001111445194e-09	4.2798143e-10	-1.3168659e-10	0.990898	-2.070259e-17	0.5606646
2.6625292118482155e-09	4.609031e-10	-6.5843296e-11	0.990898	-2.070259e-17	0.5606647
2.6650473042525004e-09	5.925897e-10	-3.950598e-10	0.990898	-2.070259e-17	0.56066453
2.667516029201201e-09	7.2427625e-10	6.5843296e-11	0.990898	-2.070259e-17	0.5606647
2.6700341335237895e-09	6.255113e-10	5.2674637e-10	0.990898	-2.070259e-17	0.56066436
2.672502853077559e-09	6.255113e-10	1.975299e-10	0.990898	-2.070259e-17	0.56066453
2.675020956023175e-09	6.255113e-10	2.4691235e-10	0.990898	-2.070259e-17	0.56066453
2.6775390603731327e-09	7.901196e-10	-1.3168659e-10	0.9908981	-2.070259e-17	0.56066436
2.680007786108156e-09	4.2798143e-10	-8.230412e-11	0.990898	-2.070259e-17	0.56066483
2.6825258884828696e-09	4.938247e-10	-1.1522577e-10	0.990898	-2.070259e-17	0.56066453
2.68504398718972e-09	4.115206e-10	-1.975299e-10	0.990898	-2.070259e-17	0.5606647
2.6875127122139425e-09	4.115206e-10	1.3168659e-10	0.990898	-2.070259e-17	0.56066436
2.690030810984702e-09	5.2674637e-10	4.609031e-10	0.990898	-2.070259e-17	0.5606646
2.692548902851553e-09	4.115206e-10	-6.5843296e-11	0.990898	-2.070259e-17	0.56066453
2.695017631278443e-09	7.7365875e-10	0	0.990898	-2.070259e-17	0.56066453
2.6975357273974693e-09	9.547279e-10	3.292165e-10	0.9908981	-2.070259e-17	0.5606646
2.7000044567147275e-09	5.925897e-10	3.950598e-10	0.990898	-2.070259e-17	0.5606646
2.7025225492042294e-09	3.6213813e-10	-9.876495e-11	0.990898	-2.070259e-17	0.56066453
2.7050406506104955e-09	6.9135464e-10	6.5843296e-11	0.990898	-2.070259e-17	0.5606646
2.7075093787580326e-09	5.2674637e-10	4.609031e-10	0.990898	-2.070259e-17	0.5606646
2.7100274776518736e-09	1.3168659e-10	-4.9382474e-11	0.990898	-2.070259e-17	0.56066453
2.712545579730098e-09	1.3168659e-10	0	0.990898	-2.070259e-17	0.56066453
2.7150142996367373e-09	4.4444226e-10	2.7983402e-10	0.990898	-2.070259e-17	0.5606646
2.7175323974480706e-09	3.950598e-10	3.950598e-10	0.990898	-2.070259e-17	0.5606647
2.7200011269246086e-09	5.2674637e-10	3.950598e-10	0.990898	-2.070259e-17	0.5606646
2.722519231766282e-09	3.292165e-10	-1.975299e-10	0.9908981	-2.070259e-17	0.56066453
2.7250373322472696e-09	5.2674637e-10	-4.609031e-10	0.9908981	-2.070259e-17	0.56066436
2.7275060549795067e-09	6.9135464e-10	-1.3168659e-10	0.9908981	-2.070259e-17	0.5606646
2.7300241475511704e-09	6.9135464e-10	-3.292165e-10	0.990898	-2.070259e-17	0.56066436
2.7325422431759296e-09	1.0534927e-09	-6.5843296e-11	0.990898	-2.070259e-17	0.56066453
2.735010961040114e-09	1.0370319e-09	5.2674637e-10	0.990898	-2.070259e-17	0.5606647
2.7375290722671237e-09	6.9135464e-10	3.950598e-10	0.990898	-2.070259e-17	0.5606646
2.7400471650818714e-09	2.3045155e-10	6.5843296e-11	0.990898	-2.070259e-17	0.5606646
2.7425158933529128e-09	3.2921648e-11	4.9382474e-11	0.990898	-2.070259e-17	0.56066453
2.7450339967451506e-09	4.2798143e-10	-1.975299e-10	0.990898	-2.070259e-17	0.56066453
2.7475027137053698e-09	4.938247e-10	-4.9382474e-11	0.990898	-2.070259e-17	0.56066453
2.7500208139350633e-09	8.230412e-10	2.7983402e-10	0.990898	-2.070259e-17	0.5606647
2.7525389162993935e-09	5.2674637e-10	6.58433e-10	0.990898	-2.070259e-17	0.5606646
2.755007641709495e-09	1.6460824e-10	8.065804e-10	0.990898	-2.070259e-17	0.5606647
2.757525738866502e-09	-6.5843296e-11	3.292165e-10	0.990898	-2.070259e-17	0.56066453
2.7600438351208794e-09	2.9629485e-10	-1.3168659e-10	0.990898	-2.070259e-17	0.56066424
2.7625125625369903e-09	5.5966803e-10	-7.2427625e-10	0.990898	-2.070259e-17	0.5606646
2.7650306603133376e-09	7.078154e-10	-1.3168659e-10	0.9908981	-2.070259e-17	0.5606646
2.7675487603369416e-09	1.0864144e-09	1.975299e-10	0.990898	-2.070259e-17	0.56066453
2.7700174920185226e-09	7.2427625e-10	5.2674637e-10	0.990898	-2.070259e-17	0.56066483
2.7725355890646217e-09	1.6460824e-10	5.925897e-10	0.990898	-2.070259e-17	0.56066453
2.775004305512842e-09	-6.255113e-10	0	0.990898	-2.070259e-17	0.5606646
2.777522408052493e-09	-3.1275565e-10	-9.218062e-10	0.990898	-2.070259e-17	0.5606647
2.7800405091850412e-09	4.4444226e-10	-2.6337318e-10	0.990898	-2.070259e-17	0.5606647
2.7825092282292977e-09	8.724237e-10	-3.292165e-10	0.990898	-2.070259e-17	0.5606647
2.785027336554115e-09	7.901196e-10	9.876495e-11	0.990898	-2.070259e-17	0.5606646
2.787545428958744e-09	5.2674637e-10	4.609031e-10	0.990898	-2.070259e-17	0.56066436
2.7900141585862043e-09	2.9629485e-10	6.58433e-10	0.990898	-2.070259e-17	0.5606646
2.7925322629876273e-09	1.6460824e-10	4.2798143e-10	0.9908981	-2.070259e-17	0.5606646
2.7950009802437587e-09	1.975299e-10	-1.3168659e-10	0.990898	-2.070259e-17	0.5606646
2.7975190766639964e-09	3.292165e-10	-1.975299e-10	0.990898	-2.070259e-17	0.56066453
2.8000371771243223e-09	5.2674637e-10	-1.975299e-10	0.990898	-2.070259e-17	0.5606646
2.802505903103401e-09	8.230412e-10	2.6337318e-10	0.990898	-2.070259e-17	0.5606646
2.805024005444005e-09	4.115206e-10	1.975299e-10	0.990898	-2.070259e-17	0.56066453
2.807542103759938e-09	4.4444226e-10	-1.3168659e-10	0.990898	-2.070259e-17	0.56066453
2.810010823025187e-09	2.6337318e-10	6.5843296e-11	0.990898	-2.070259e-17	0.5606647
2.8125289229563755e-09	3.950598e-10	3.950598e-10	0.990898	-2.070259e-17	0.5606646
2.815047025939792e-09	3.7859896e-10	2.6337318e-10	0.990898	-2.070259e-17	0.5606646
2.8175157521975016e-09	2.6337318e-10	3.950598e-10	0.990898	-2.070259e-17	0.5606647
2.820033848020799e-09	4.938247e-10	1.975299e-10	0.990898	-2.070259e-17	0.56066483
2.822502575128391e-09	4.115206e-10	-2.6337318e-10	0.990898	-2.070259e-17	0.5606646
2.825020676900814e-09	6.9135464e-10	1.3168659e-10	0.990898	-2.070259e-17	0.56066453
2.8275387685172312e-09	5.7612887e-10	1.975299e-10	0.990898	-2.070259e-17	0.5606646
2.8300074948025333e-09	8.5596286e-10	0	0.990898	-2.070259e-17	0.5606646
2.832525603512021e-09	1.6460824e-10	2.6337318e-10	0.990898	-2.070259e-17	0.5606646
2.835043702585849e-09	-3.2921648e-11	6.5843296e-11	0.990898	-2.070259e-17	0.5606646
2.8375124231890494e-09	2.9629485e-10	-3.950598e-10	0.990898	-2.070259e-17	0.56066483
2.840030521198565e-09	8.888845e-10	-3.292165e-10	0.990898	-2.070259e-17	0.5606647
2.842548620836432e-09	8.230412e-10	1.4814742e-10	0.990898	-2.070259e-17	0.5606647
2.8450173480694776e-09	4.115206e-10	6.5843296e-11	0.990898	-2.070259e-17	0.5606647
2.8475354458533933e-09	3.950598e-10	2.6337318e-10	0.990898	-2.070259e-17	0.5606646
2.8500041682733767e-09	4.2798143e-10	6.5843296e-11	0.990898	-2.070259e-17	0.5606646
2.8525222706914597e-09	3.1275565e-10	1.4814742e-10	0.990898	-2.070259e-17	0.5606647
2.855040379182987e-09	6.255113e-10	-2.6337318e-10	0.990898	-2.070259e-17	0.5606646
2.8575091000279683e-09	9.547279e-10	1.6460824e-11	0.990898	-2.070259e-17	0.5606646
2.8600271947446255e-09	7.901196e-10	4.609031e-10	0.990898	-2.070259e-17	0.5606647
2.8625452964006277e-09	4.609031e-10	2.6337318e-10	0.990898	-2.070259e-17	0.5606647
2.8650140174446835e-09	7.078154e-10	4.115206e-10	0.990898	-2.070259e-17	0.5606646
2.8675321186456703e-09	5.925897e-10	1.975299e-10	0.990898	-2.070259e-17	0.5606647
2.8700008544414785e-09	5.5966803e-10	3.292165e-10	0.990898	-2.070259e-17	0.5606647
2.8725189468231856e-09	3.292165e-10	1.6460824e-10	0.9908981	-2.070259e-17	0.5606647
2.8750370329340798e-09	5.1028554e-10	1.975299e-10	0.990898	-2.070259e-17	0.56066483
2.87750576204998e-09	6.255113e-10	1.6460824e-10	0.990898	-2.070259e-17	0.5606646
2.880023867011523e-09	2.7983402e-10	5.5966803e-10	0.990898	-2.0702589e-17	0.5606646
2.8825419648728535e-09	2.6337318e-10	3.950598e-10	0.990898	-2.070259e-17	0.5606647
2.8850106856761227e-09	3.6213813e-10	3.292165e-10	0.990898	-2.070259e-17	0.5606646
2.8875287910547695e-09	3.6213813e-10	1.3168659e-10	0.990898	-2.070259e-17	0.5606647
2.890046890219903e-09	2.6337318e-10	0	0.990898	-2.070259e-17	0.56066483
2.8925156140918776e-09	3.292165e-10	6.5843296e-11	0.990898	-2.070259e-17	0.56066483
2.895033710664772e-09	4.2798143e-10	-6.58433e-10	0.990898	-2.070259e-17	0.5606646
2.8975024406372005e-09	2.9629485e-10	-5.925897e-10	0.990898	-2.070259e-17	0.5606647
2.9000205402676417e-09	8.5596286e-10	-1.3168659e-10	0.990898	-2.070259e-17	0.5606646
2.902538638817216e-09	1.0534927e-09	1.975299e-10	0.990898	-2.070259e-17	0.5606646
2.905007367526809e-09	6.748938e-10	3.292165e-10	0.990898	-2.070259e-17	0.5606647
2.9075254618800147e-09	3.6213813e-10	1.975299e-10	0.990898	-2.070259e-17	0.56066483
2.9100435593675267e-09	5.2674637e-10	1.3168659e-10	0.990898	-2.070259e-17	0.56066483
2.9125122814502115e-09	4.4444226e-10	1.6460824e-10	0.990898	-2.070259e-17	0.5606647
2.9150303873206345e-09	4.938247e-10	1.4814742e-10	0.990898	-2.070259e-17	0.5606646
2.917548484922415e-09	9.876495e-11	1.3168659e-10	0.990898	-2.070259e-17	0.5606647
2.9200172124848483e-09	1.4814742e-10	-1.975299e-10	0.990898	-2.070259e-17	0.5606647
2.9225353148028597e-09	6.9135464e-10	-6.5843296e-11	0.990898	-2.070259e-17	0.56066453
2.925004029419081e-09	3.4567732e-10	-6.5843296e-11	0.990898	-2.070259e-17	0.5606647
2.927522126242809e-09	4.938247e-10	-1.975299e-10	0.990898	-2.070259e-17	0.5606647
2.9300402336627425e-09	7.901196e-10	1.975299e-10	0.9908981	-2.070259e-17	0.5606646
2.932508954294847e-09	3.950598e-10	1.975299e-10	0.9908981	-2.070259e-17	0.5606647
2.9350270498036267e-09	5.1028554e-10	-1.975299e-10	0.990898	-2.070259e-17	0.5606647
2.9375451592825958e-09	4.609031e-10	1.3168659e-10	0.990898	-2.070259e-17	0.56066453
2.940013879113129e-09	4.4444226e-10	-9.876495e-11	0.990898	-2.070259e-17	0.5606647
2.9425319771913367e-09	6.58433e-10	0	0.990898	-2.070259e-17	0.5606646
2.945000705071978e-09	6.9135464e-10	0	0.990898	-2.070259e-17	0.56066453
2.9475187986514415e-09	6.748938e-10	1.975299e-10	0.9908981	-2.070259e-17	0.5606647
2.950036903343229e-09	5.2674637e-10	1.975299e-10	0.990898	-2.070259e-17	0.56066483
2.95250562648998e-09	6.9135464e-10	0	0.990898	-2.070259e-17	0.5606646
2.955023725835011e-09	3.950598e-10	2.6337318e-10	0.990898	-2.070259e-17	0.5606647
2.957541824955509e-09	3.292165e-10	3.950598e-10	0.990898	-2.070259e-17	0.56066495
2.960010550326645e-09	2.1399071e-10	1.3168659e-10	0.990898	-2.070259e-17	0.5606647
2.962528652730867e-09	9.876495e-11	0	0.990898	-2.070259e-17	0.56066495
2.965046745837846e-09	2.6337318e-10	6.5843296e-11	0.990898	-2.070259e-17	0.5606647
2.967515481495115e-09	3.7859896e-10	-2.6337318e-10	0.990898	-2.070259e-17	0.5606646
2.970033574445031e-09	1.3168659e-10	-1.975299e-10	0.990898	-2.070259e-17	0.56066483
2.9725022951396767e-09	3.950598e-10	-1.3168659e-10	0.990898	-2.070259e-17	0.56066495
2.975020395741923e-09	6.58433e-10	-6.5843296e-11	0.9908981	-2.070259e-17	0.5606647
2.9775384957533453e-09	2.9629485e-10	6.5843296e-11	0.990898	-2.070259e-17	0.5606647
2.980007219278731e-09	3.6213813e-10	-1.1522577e-10	0.990898	-2.070259e-17	0.56066495
2.9825253256029243e-09	4.938247e-10	3.950598e-10	0.990898	-2.070259e-17	0.56066483
2.9850434234169204e-09	4.609031e-10	1.975299e-10	0.990898	-2.070259e-17	0.5606647
2.9875121439179085e-09	3.292165e-10	-6.5843296e-11	0.990898	-2.070259e-17	0.56066495
2.990030243922393e-09	4.938247e-10	-6.5843296e-11	0.990898	-2.070259e-17	0.56066483
2.9925483408196463e-09	5.432072e-10	-1.3168659e-10	0.990898	-2.070259e-17	0.56066483
2.9950170659435053e-09	7.901196e-10	6.5843296e-11	0.990898	-2.070259e-17	0.56066495
2.99753516443609e-09	7.407371e-10	-1.3168659e-10	0.990898	-2.070259e-17	0.56066483
3e-09	8.39502e-10	-6.5843296e-11	0.990898	-2.070259e-17	0.5606647
